0.5792    87.07    0.696    87.99
0.7124    107.1    1.150    108.4
0.7861    118.1    1.473    119.7
0.8646    129.9    1.880    131.9
0.9483    142.5    2.392    144.8
1.0371    155.9    3.028    158.7
1.1000    165.3    3.542    168.5
1.2000    180.4    5.240    184.2
1.3000    195.4    7.512    200.1
1.4000    210.5    10.48    216.2
1.5000    225.5    14.30    232.5
1.6000    240.5    20.39    249.2
1.7000    255.6    28.47    266.3
1.8000    270.6    38.98    283.9
1.9000    285.6    52.49    302.2
2.0000    300.7    69.59    321.3
2.1000    315.7    80.56    341.1
2.2000    330.7    92.63    361.4
2.3000    345.8    105.8    382.4
2.4000    360.8    120.2    403.9
2.5000    375.8    135.9    426.0
2.6000    390.9    152.9    448.9
2.7000    405.9    171.2    472.3
2.8000    420.9    190.9    496.5
2.9000    436.0    212.1    521.5
3.0000    451.0    234.8    547.1
3.1000    466.0    259.1    573.6
3.2000    481.1    285.0    600.9
3.3000    496.1    312.6    629.0