3.850549750716258750e+14 6.900251495267118612e+20 3.647671322990348125e+14 4.449489216799229485e-01
3.879573995068391875e+14 1.128815747026266258e+33 3.675213138900401875e+14 4.671668445005621173e-01
3.908598239420523750e+14 2.317349941775715946e+33 3.702851386475373750e+14 4.898475191244471838e-01
3.937622483772657500e+14 3.567331960631253251e+33 3.730590354875348750e+14 5.129855902144457858e-01
3.966646728124788125e+14 4.880519859340331217e+33 3.758434413035651875e+14 5.365751664371190000e-01
3.995670972476921875e+14 6.258700585981615811e+33 3.786388010259248125e+14 5.606098240669165067e-01
4.024695216829054375e+14 7.703690193930219781e+33 3.814455676809121875e+14 5.850826119707405182e-01
4.053719461181187500e+14 9.217334054823332983e+33 3.842642024500675000e+14 6.099860579773251912e-01
4.082743705533320000e+14 1.080150707152610318e+34 3.870951747294115625e+14 6.353121766294377304e-01
4.111767949885451875e+14 1.245811389109683315e+34 3.899389621886844375e+14 6.610524783103910451e-01
4.140792194237584375e+14 1.418908911775279982e+34 3.927960508305852500e+14 6.871979797297970149e-01
4.169816438589718125e+14 1.599639752583577011e+34 3.956669350500106875e+14 7.137392157468499532e-01
4.198840682941850000e+14 1.788203427277755497e+34 3.985521176932937500e+14 7.406662525029183985e-01
4.227864927293983750e+14 1.984802511206574884e+34 4.014521101174440000e+14 7.679687018287061351e-01
4.256889171646113750e+14 2.189642660620896431e+34 4.043674322493845625e+14 7.956357368849158451e-01
4.285913415998246875e+14 2.402932633970303974e+34 4.072986126451940000e+14 8.236561089892179277e-01
4.314937660350381250e+14 2.624884313199589797e+34 4.102461885493428750e+14 8.520181655763492401e-01
4.343961904702513125e+14 2.855712725045341737e+34 4.132107059539331875e+14 8.807098692326016387e-01
4.372986149054645000e+14 3.095636062332544807e+34 4.161927196579388750e+14 9.097188177405890475e-01
4.402010393406777500e+14 3.344875705271059459e+34 4.191927933264435000e+14 9.390322650652499492e-01
4.431034637758911875e+14 3.603656242752257570e+34 4.222114995498797500e+14 9.686371432075315813e-01
4.460058882111043750e+14 3.872205493645518230e+34 4.252494199032680625e+14 9.985200848480586533e-01
4.489083126463175625e+14 4.150754528094815763e+34 4.283071450054563750e+14 1.028667446699508492e+00
4.518107370815309375e+14 4.439537688815305903e+34 4.313852745783591250e+14 1.059065333483266480e+00
4.547131615167441250e+14 4.738792612389811902e+34 4.344844175061950625e+14 1.089699622443325078e+00
4.576155859519573750e+14 5.048760250565464198e+34 4.376051918947280625e+14 1.120555988308363560e+00
4.605180103871708125e+14 5.369684891550185140e+34 4.407482251305051250e+14 1.151619928611374633e+00
4.634204348223839375e+14 5.701814181309302831e+34 4.439141539400950000e+14 1.182876789275308482e+00
4.663228592575971250e+14 6.045399144862081045e+34 4.471036244493286875e+14 1.214311790372759825e+00
4.692252836928105000e+14 6.400694207578306329e+34 4.503172922425373125e+14 1.245910051967912713e+00
4.721277081280235625e+14 6.767957216474792085e+34 4.535558224217911250e+14 1.277656619949636418e+00
4.750301325632370000e+14 7.147449461511996117e+34 4.568198896661396875e+14 1.309536491765910915e+00
4.779325569984501875e+14 7.539435696890535780e+34 4.601101782908491250e+14 1.341534641971451336e+00
4.808349814336635625e+14 7.944184162347788918e+34 4.634273823066430625e+14 1.373636047502719615e+00
4.837374058688766875e+14 8.361966604454400721e+34 4.667722054789401250e+14 1.405825712597167154e+00
4.866398303040900000e+14 8.793058297910891114e+34 4.701453613870943125e+14 1.438088693276758701e+00
4.895422547393033125e+14 9.237738066844178217e+34 4.735475734836326875e+14 1.470410121319336350e+00
4.924446791745165625e+14 9.696288306104139620e+34 4.769795751534954375e+14 1.502775227645356759e+00
4.953471036097298125e+14 1.016899500256022531e+35 4.804421097732746250e+14 1.535169365051754831e+00
4.982495280449431875e+14 1.065614775639791931e+35 4.839359307704530625e+14 1.567578030229240582e+00
5.011519524801563125e+14 1.115803980241536557e+35 4.874618016826431250e+14 1.599986885004151427e+00
5.040543769153695000e+14 1.167496803131993472e+35 4.910204962168270000e+14 1.632381776750957414e+00
5.069568013505827500e+14 1.220723301102474479e+35 4.946127983085941875e+14 1.664748757926687306e+00
5.098592257857959375e+14 1.275513900794524276e+35 4.982395021813813750e+14 1.697074104683841789e+00
5.127616502210093125e+14 1.331899400829572896e+35 5.019014124057114375e+14 1.729344334523700510e+00
5.156640746562225625e+14 1.389910973938598289e+35 5.055993439584323125e+14 1.761546222957369734e+00
5.185664990914359375e+14 1.449580169091773965e+35 5.093341222819560000e+14 1.793666819147264224e+00
5.214689235266490625e+14 1.510938913628129734e+35 5.131065833434975625e+14 1.825693460507127108e+00
5.243713479618623750e+14 1.574019515385209306e+35 5.169175736943150000e+14 1.857613786243965448e+00
5.272737723970756875e+14 1.638854664828721809e+35 5.207679505289468750e+14 1.889415749830414937e+00
5.301761968322888750e+14 1.705477437182196626e+35 5.246585817444521875e+14 1.921087630401144608e+00
5.330786212675022500e+14 1.773921294556648929e+35 5.285903459996499375e+14 1.952618043071741694e+00
5.359810457027155000e+14 1.844220088080219572e+35 5.325641327743565625e+14 1.983995948183171487e+00
5.388834701379287500e+14 1.916408060027849298e+35 5.365808424286268125e+14 2.015210659479415689e+00
5.417858945731419375e+14 1.990519845950917528e+35 5.406413862619915000e+14 2.046251851230034280e+00
5.446883190083551250e+14 2.066590476806909367e+35 5.447466865726969375e+14 2.077109564313437406e+00
5.475907434435684375e+14 2.144655381089069708e+35 5.488976767169444375e+14 2.107774211280265764e+00
5.504931678787816875e+14 2.224750386956052900e+35 5.530953011681285625e+14 2.138236580419754951e+00
5.533955923139948750e+14 2.306911724361588282e+35 5.573405155760766250e+14 2.168487838855053695e+00
5.562980167492083125e+14 2.391176027184128383e+35 5.616342868262880000e+14 2.198519534696310451e+00
5.592004411844214375e+14 2.477580335356502276e+35 5.659775930991718750e+14 2.228323598282877072e+00
5.621028656196348750e+14 2.566162096995585177e+35 5.703714239292887500e+14 2.257892342548238673e+00
5.650052900548480000e+14 2.656959170531937416e+35 5.748167802645861250e+14 2.287218462543211928e+00
5.679077144900612500e+14 2.750009826839476979e+35 5.793146745256408750e+14 2.316295034154647325e+00
5.708101389252745000e+14 2.845352751365117744e+35 5.838661306648963750e+14 2.345115512058221885e+00
5.737125633604878750e+14 2.943027046258441290e+35 5.884721842259017500e+14 2.373673726945070506e+00
5.766149877957011250e+14 3.043072232501343244e+35 5.931338824025511250e+14 2.401963882062795541e+00
5.795174122309143750e+14 3.145528252037684431e+35 5.978522840983227500e+14 2.429980549112040755e+00
5.824198366661275000e+14 3.250435469902967476e+35 6.026284599855183750e+14 2.457718663540165771e+00
5.853222611013408750e+14 3.357834676353973930e+35 6.074634925645015000e+14 2.485173519273648157e+00
5.882246855365541250e+14 3.467767088998418002e+35 6.123584762229366250e+14 2.512340762930820759e+00
5.911271099717672500e+14 3.580274354924616519e+35 6.173145172950286250e+14 2.539216387556243237e+00
5.940295344069807500e+14 3.695398552831145977e+35 6.223327341207625000e+14 2.565796725917528054e+00
5.969319588421937500e+14 3.813182195156465649e+35 6.274142571051396250e+14 2.592078443404848720e+00
5.998343832774072500e+14 3.933668230208622965e+35 6.325602287774207500e+14 2.618058530572568543e+00
6.027368077126203750e+14 4.056900044294876989e+35 6.377718038503617500e+14 2.643734295361480857e+00
6.056392321478337500e+14 4.182921463851355836e+35 6.430501492794546250e+14 2.669103355039143199e+00
6.085416565830468750e+14 4.311776757572720732e+35 6.483964443221652500e+14 2.694163627894636370e+00
6.114440810182602500e+14 4.443510638541828601e+35 6.538118805971736250e+14 2.718913324722826541e+00
6.143465054534736250e+14 4.578168266359368082e+35 6.592976621436120000e+14 2.743350940131886517e+00
6.172489298886867500e+14 4.715795249273524326e+35 6.648550054803038750e+14 2.767475243706469357e+00
6.201513543239000000e+14 4.856437646309648962e+35 6.704851396650041250e+14 2.791285271057453166e+00
6.230537787591131250e+14 5.000141969399899803e+35 6.761893063536368750e+14 2.814780314787743709e+00
6.259562031943265000e+14 5.146955185512890151e+35 6.819687598595353750e+14 2.837959915402038735e+00
6.288586276295397500e+14 5.296924718783367612e+35 6.878247672126798750e+14 2.860823852187027505e+00
6.317610520647528750e+14 5.450098452641855283e+35 6.937586082189382500e+14 2.883372134086847449e+00
6.346634764999663750e+14 5.606524731944306955e+35 6.997715755193042500e+14 2.905604990597182802e+00
6.375659009351795000e+14 5.766252365101757156e+35 7.058649746491352500e+14 2.927522862699786010e+00
6.404683253703927500e+14 5.929330626210006606e+35 7.120401240973943750e+14 2.949126393857729678e+00
6.433707498056061250e+14 6.095809257179236104e+35 7.182983553658862500e+14 2.970416421090172232e+00
6.462731742408193750e+14 6.265738469863691244e+35 7.246410130284987500e+14 2.991393966143976790e+00
6.491755986760326250e+14 6.439168948191333198e+35 7.310694547904396250e+14 3.012060226778099370e+00
6.520780231112458750e+14 6.616151850293505721e+35 7.375850515474780000e+14 3.032416568175207772e+00
6.549804475464591250e+14 6.796738810634532810e+35 7.441891874451808750e+14 3.052464514493740122e+00
6.578828719816723750e+14 6.980981942141462444e+35 7.508832599381543750e+14 3.072205740572222510e+00
6.607852964168856250e+14 7.168933838333661293e+35 7.576686798492816250e+14 3.091642063796438133e+00
6.636877208520990000e+14 7.360647575452497216e+35 7.645468714289620000e+14 3.110775436138851102e+00
6.665901452873121250e+14 7.556176714590960533e+35 7.715192724143497500e+14 3.129607936378491662e+00
6.694925697225252500e+14 7.755575303823384890e+35 7.785873340885945000e+14 3.148141762508485098e+00
6.723949941577387500e+14 7.958897880335029424e+35 7.857525213400788750e+14 3.166379224337245724e+00
6.752974185929518750e+14 8.166199472551774548e+35 7.930163127216568750e+14 3.184322736288506039e+00
6.781998430281651250e+14 8.377535602269795600e+35 8.003802005098957500e+14 3.201974810404298655e+00
6.811022674633786250e+14 8.592962286785164187e+35 8.078456907643122500e+14 3.219338049554204328e+00
6.840046918985917500e+14 8.812536041023548399e+35 8.154143033866126250e+14 3.236415140853313943e+00
6.869071163338050000e+14 9.036313879669856947e+35 8.230875721799320000e+14 3.253208849290615490e+00
6.898095407690182500e+14 9.264353319297899530e+35 8.308670449080737500e+14 3.269722011568768849e+00
6.927119652042315000e+14 9.496712380500022122e+35 8.387542833547472500e+14 3.285957530155578343e+00
6.956143896394447500e+14 9.733449590016773242e+35 8.467508633828073750e+14 3.301918367546865074e+00
6.985168140746580000e+14 9.974623982866589414e+35 8.548583749934947500e+14 3.317607540739866856e+00
7.014192385098712500e+14 1.022029510447539060e+36 8.630784223856726250e+14 3.333028115915757095e+00
7.043216629450845000e+14 1.047052301280630256e+36 8.714126240150686250e+14 3.348183203329439195e+00
7.072240873802977500e+14 1.072536828048926556e+36 8.798626126535111250e+14 3.363075952404300129e+00
7.101265118155111250e+14 1.098489199695070361e+36 8.884300354481696250e+14 3.377709547029234649e+00
7.130289362507242500e+14 1.124915577054317891e+36 8.971165539807938750e+14 3.392087201054914125e+00
7.159313606859375000e+14 1.151822173067506258e+36 9.059238443269526250e+14 3.406212153985938240e+00
7.188337851211506250e+14 1.179215252994017878e+36 9.148535971152730000e+14 3.420087666865250675e+00
7.217362095563641250e+14 1.207101134624745178e+36 9.239075175866791250e+14 3.433717018346923666e+00
7.246386339915772500e+14 1.235486188495056490e+36 9.330873256536302500e+14 3.447103500953269783e+00
7.275410584267906250e+14 1.264376838097764002e+36 9.423947559593626250e+14 3.460250417511980814e+00
7.304434828620038750e+14 1.293779560096086993e+36 9.518315579371256250e+14 3.473161077768908367e+00
7.333459072972172500e+14 1.323700884536615807e+36 9.613994958694216250e+14 3.485838795171904980e+00
7.362483317324305000e+14 1.354147395062283638e+36 9.711003489472467500e+14 3.498286883821124515e+00
7.391507561676437500e+14 1.385125729125323572e+36 9.809359113293270000e+14 3.510508655581029647e+00
7.420531806028566250e+14 1.416642578200242442e+36 9.909079922013595000e+14 3.522507417349319159e+00
7.449556050380701250e+14 1.448704687996780669e+36 1.001018415835251500e+15 3.534286468477979337e+00
7.478580294732833750e+14 1.481318858672881838e+36 1.011269021648357750e+15 3.545849098341583350e+00
7.507604539084966250e+14 1.514491945047652833e+36 1.021661664262720625e+15 3.557198584048011814e+00
7.536628783437098750e+14 1.548230856814334600e+36 1.032198213564309500e+15 3.568338188286750867e+00
7.565653027789232500e+14 1.582542558753268178e+36 1.042880554762259625e+15 3.579271157309943607e+00
7.594677272141365000e+14 1.617434070944854247e+36 1.053710588448110000e+15 3.590000719041419597e+00
7.623701516493498750e+14 1.652912468982524181e+36 1.064690230655044250e+15 3.600530081308987995e+00
7.652725760845630000e+14 1.688984884185706086e+36 1.075821412917128250e+15 3.610862430195283856e+00
7.681750005197762500e+14 1.725658503812785818e+36 1.087106082328550375e+15 3.621000928502597027e+00
7.710774249549896250e+14 1.762940571274073610e+36 1.098546201602858500e+15 3.630948714327107751e+00
7.739798493902026250e+14 1.800838386344774836e+36 1.110143749132201625e+15 3.640708899738123616e+00
7.768822738254160000e+14 1.839359305377950139e+36 1.121900719046567500e+15 3.650284569557900038e+00
7.797846982606293750e+14 1.878510741517483831e+36 1.133819121273022250e+15 3.659678780237806794e+00
7.826871226958425000e+14 1.918300164911045506e+36 1.145900981594947250e+15 3.668894558826635954e+00
7.855895471310558750e+14 1.958735102923064336e+36 1.158148341711282750e+15 3.677934902026994912e+00
7.884919715662690000e+14 1.999823140347678881e+36 1.170563259295760250e+15 3.686802775335792592e+00
7.913943960014821250e+14 2.041571919621721124e+36 1.183147808056149250e+15 3.695501112264948596e+00
7.942968204366953750e+14 2.083989141037672180e+36 1.195904077793490750e+15 3.704032813638586941e+00
7.971992448719087500e+14 2.127082562956627156e+36 1.208834174461337500e+15 3.712400746963014697e+00
8.001016693071221250e+14 2.170860002021267085e+36 1.221940220224995500e+15 3.720607745866006066e+00
8.030040937423355000e+14 2.215329333368814046e+36 1.235224353520758750e+15 3.728656609601896044e+00
8.059065181775486250e+14 2.260498490844003400e+36 1.248688729115150750e+15 3.736550102619204061e+00
8.088089426127621250e+14 2.306375467212053366e+36 1.262335518164164750e+15 3.744290954187562193e+00
8.117113670479750000e+14 2.352968314371625452e+36 1.276166908272501250e+15 3.751881858080836185e+00
8.146137914831883750e+14 2.400285143567788720e+36 1.290185103552807000e+15 3.759325472313459482e+00
8.175162159184016250e+14 2.448334125604989367e+36 1.304392324684914000e+15 3.766624418927092321e+00
8.204186403536148750e+14 2.497123491060011742e+36 1.318790808975078750e+15 3.773781283824807264e+00
8.233210647888282500e+14 2.546661530494952647e+36 1.333382810415223250e+15 3.780798616650156596e+00
8.262234892240413750e+14 2.596956594670167012e+36 1.348170599742167750e+15 3.787678930708520131e+00
8.291259136592548750e+14 2.648017094757264035e+36 1.363156464496879000e+15 3.794424702928275384e+00
8.320283380944677500e+14 2.699851502552043997e+36 1.378342709083701000e+15 3.801038373859420449e+00
8.349307625296813750e+14 2.752468350687484964e+36 1.393731654829601500e+15 3.807522347707359422e+00
8.378331869648946250e+14 2.805876232846693179e+36 1.409325640043402750e+15 3.813878992399676982e+00
8.407356114001076250e+14 2.860083803975871459e+36 1.425127020075025750e+15 3.820110639683814924e+00
8.436380358353210000e+14 2.915099780497304124e+36 1.441138167374733250e+15 3.826219585253649136e+00
8.465404602705341250e+14 2.970932940522280824e+36 1.457361471552355500e+15 3.832208088903039211e+00
8.494428847057476250e+14 3.027592124064113053e+36 1.473799339436545500e+15 3.838078374704552598e+00
8.523453091409608750e+14 3.085086233251055020e+36 1.490454195134005250e+15 3.843832631211584694e+00
8.552477335761740000e+14 3.143424232539307768e+36 1.507328480088733500e+15 3.849473011682235768e+00
8.581501580113876250e+14 3.202615148925950081e+36 1.524424653141259000e+15 3.855001634323336202e+00
8.610525824466008750e+14 3.262668072161927844e+36 1.541745190587882000e+15 3.860420582553121704e+00
8.639550068818137500e+14 3.323592154964998532e+36 1.559292586239910750e+15 3.865731905281104552e+00
8.668574313170272500e+14 3.385396613232731776e+36 1.577069351482908500e+15 3.870937617203784598e+00
8.697598557522401250e+14 3.448090726255431430e+36 1.595078015335920000e+15 3.876039699114873116e+00
8.726622801874536250e+14 3.511683836929140266e+36 1.613321124510723500e+15 3.881040098228810908e+00
8.755647046226670000e+14 3.576185351968577974e+36 1.631801243471060500e+15 3.885940728516398934e+00
8.784671290578801250e+14 3.641604742120111627e+36 1.650520954491875000e+15 3.890743471051420155e+00
8.813695534930936250e+14 3.707951542374747396e+36 1.669482857718564000e+15 3.895450174367189433e+00
8.842719779283067500e+14 3.775235352181043756e+36 1.688689571226197500e+15 3.900062654822053165e+00
8.871744023635200000e+14 3.843465835658138614e+36 1.708143731078776000e+15 3.904582696972858091e+00
8.900768267987331250e+14 3.912652721808663703e+36 1.727847991388458000e+15 3.909012053955512211e+00
8.929792512339463750e+14 3.982805804731745144e+36 1.747805024374804250e+15 3.913352447871776718e+00
8.958816756691597500e+14 4.053934943835948532e+36 1.768017520424014500e+15 3.917605570181506458e+00
8.987841001043728750e+14 4.126050064052248808e+36 1.788488188148166250e+15 3.921773082099560437e+00
9.016865245395861250e+14 4.199161156047001315e+36 1.809219754444456000e+15 3.925856614996680705e+00
9.045889489747997500e+14 4.273278276434903996e+36 1.830214964554436750e+15 3.929857770803669936e+00
9.074913734100125000e+14 4.348411547991957235e+36 1.851476582123256000e+15 3.933778122418234435e+00
9.103937978452260000e+14 4.424571159868450257e+36 1.873007389258899750e+15 3.937619214113891708e+00
9.132962222804392500e+14 4.501767367801892636e+36 1.894810186591423250e+15 3.941382561950395935e+00
9.161986467156523750e+14 4.580010494330019583e+36 1.916887793332199750e+15 3.945069654185151986e+00
9.191010711508660000e+14 4.659310929003724044e+36 1.939243047333152250e+15 3.948681951685130365e+00
9.220034955860791250e+14 4.739679128600023029e+36 1.961878805145989250e+15 3.952220888338811022e+00
9.249059200212923750e+14 4.821125617335065269e+36 1.984797942081460250e+15 3.955687871467761685e+00
9.278083444565055000e+14 4.903660987077040875e+36 2.008003352268573750e+15 3.959084282237398611e+00
9.307107688917187500e+14 4.987295897559191357e+36 2.031497948713854750e+15 3.962411476066612259e+00
9.336131933269321250e+14 5.072041076592745848e+36 2.055284663360570000e+15 3.965670783035852853e+00
9.365156177621456250e+14 5.157907320279899832e+36 2.079366447147974750e+15 3.968863508293414277e+00
9.394180421973585000e+14 5.244905493226778527e+36 2.103746270070547000e+15 3.971990932459561030e+00
9.423204666325721250e+14 5.333046528756403214e+36 2.128427121237232750e+15 3.975054312028251768e+00
9.452228910677848750e+14 5.422341429121649900e+36 2.153412008930677500e+15 3.978054879766194762e+00
9.481253155029983750e+14 5.512801265718239847e+36 2.178703960666475000e+15 3.980993845109000784e+00
9.510277399382116250e+14 5.604437179297660455e+36 2.204306023252394250e+15 3.983872394554207830e+00
9.539301643734246250e+14 5.697260380180182948e+36 2.230221262847628250e+15 3.986691692050986280e+00
9.568325888086383750e+14 5.791282148467786798e+36 2.256452765022031000e+15 3.989452879386335749e+00
9.597350132438515000e+14 5.886513834257126643e+36 2.283003634815347500e+15 3.992157076567611984e+00
9.626374376790647500e+14 5.982966857852545256e+36 2.309876996796470500e+15 3.994805382201223054e+00
