4.813187188395323750e+14 5.302298517415785267e+20 4.661028367600890625e+14 2.611592271818871658e-01
4.849467493835490625e+14 8.466118102697159428e+32 4.696196851709498125e+14 2.745875860192127926e-01
4.885747799275654375e+14 1.738012456331808505e+33 4.731437659566791875e+14 2.883417767556941680e-01
4.922028104715821250e+14 2.675498970473434462e+33 4.766754008042840000e+14 3.024222701359567389e-01
4.958308410155985625e+14 3.660389894505255475e+33 4.802149173839133125e+14 3.168293060419659080e-01
4.994588715596152500e+14 4.694025439486233764e+33 4.837626493932896250e+14 3.315628893819911327e-01
5.030869021036318750e+14 5.777767645447663971e+33 4.873189366021369375e+14 3.466227862963313644e-01
5.067149326476483125e+14 6.913000541117519625e+33 4.908841248966099375e+14 3.620085206963083446e-01
5.103429631916650000e+14 8.101130303644613126e+33 4.944585663237246875e+14 3.777193711523760822e-01
5.139709937356815000e+14 9.343585418322626594e+33 4.980426191357859375e+14 3.937543681464981682e-01
5.175990242796981250e+14 1.064181683831459871e+34 5.016366478348181875e+14 4.101122917031546633e-01
5.212270548237146250e+14 1.199729814437681836e+34 5.052410232169938125e+14 4.267916694124366250e-01
5.248550853677312500e+14 1.341152570458317372e+34 5.088561224170628750e+14 4.437907748577588629e-01
5.284831159117478750e+14 1.488601883404932143e+34 5.124823289527820625e+14 4.611076264596639107e-01
5.321111464557643750e+14 1.642231995465677396e+34 5.161200327693443125e+14 4.787399867460984670e-01
5.357391769997810625e+14 1.802199475477734436e+34 5.197696302838081250e+14 4.966853620583538409e-01
5.393672075437976250e+14 1.968663234899694308e+34 5.234315244295262500e+14 5.149410027006285917e-01
5.429952380878140625e+14 2.141784543784009416e+34 5.271061247005755000e+14 5.335039035398696505e-01
5.466232686318307500e+14 2.321727046749414485e+34 5.307938471961865000e+14 5.523708050611805254e-01
5.502512991758473125e+14 2.508656778953299782e+34 5.344951146651716250e+14 5.715381948826859793e-01
5.538793297198638125e+14 2.702742182064192255e+34 5.382103565503553125e+14 5.910023097323074959e-01
5.575073602638805000e+14 2.904154120234143284e+34 5.419400090330032500e+14 6.107591378873845622e-01
5.611353908078970000e+14 3.113065896071115512e+34 5.456845150772511875e+14 6.308044220766022558e-01
5.647634213519137500e+14 3.329653266611479427e+34 5.494443244745348125e+14 6.511336628421370287e-01
5.683914518959301250e+14 3.554094459292358696e+34 5.532198938880183125e+14 6.717421223583714962e-01
5.720194824399467500e+14 3.786570187924100455e+34 5.570116868970248125e+14 6.926248287020090322e-01
5.756475129839632500e+14 4.027263668662641853e+34 5.608201740414640000e+14 7.137765805668386809e-01
5.792755435279798750e+14 4.276360635981973434e+34 5.646458328662631250e+14 7.351919524148958773e-01
5.829035740719966250e+14 4.534049358646569777e+34 5.684891479657952500e+14 7.568653000542181486e-01
5.865316046160131250e+14 4.800520655683735280e+34 5.723506110283082500e+14 7.787907666319213718e-01
5.901596351600296250e+14 5.075967912356096139e+34 5.762307208803552500e+14 8.009622890298800924e-01
5.937876657040461250e+14 5.360587096134007003e+34 5.801299835312232500e+14 8.233736046488624449e-01
5.974156962480628750e+14 5.654576772667906908e+34 5.840489122173620000e+14 8.460182585656307319e-01
6.010437267920792500e+14 5.958138121760847684e+34 5.879880274468140000e+14 8.688896110462328570e-01
6.046717573360958750e+14 6.271474953340801924e+34 5.919478570436433750e+14 8.919808453974449325e-01
6.082997878801125000e+14 6.594793723433172025e+34 5.959289361923657500e+14 9.152849761372192638e-01
6.119278184241290000e+14 6.928303550133133202e+34 5.999318074823760000e+14 9.387948574638687038e-01
6.155558489681456250e+14 7.272216229578104715e+34 6.039570209523797500e+14 9.625031920027694587e-01
6.191838795121622500e+14 7.626746251920169440e+34 6.080051341348208750e+14 9.864025398084391716e-01
6.228119100561788750e+14 7.992110817298438101e+34 6.120767121003112500e+14 1.010485327599049077e+00
6.264399406001953750e+14 8.368529851811521413e+34 6.161723275020605000e+14 1.034743858199751676e+00
6.300679711442118750e+14 8.756226023489961649e+34 6.202925606203050000e+14 1.059170320170568447e+00
6.336960016882286250e+14 9.155424758268564587e+34 6.244379994067371250e+14 1.083756797594104704e+00
6.373240322322451250e+14 9.566354255958941753e+34 6.286092395289342500e+14 1.108495279998005456e+00
6.409520627762616250e+14 9.989245506221811013e+34 6.328068844147882500e+14 1.133377672386718382e+00
6.445800933202782500e+14 1.042433230453949547e+35 6.370315452969356250e+14 1.158395805357045338e+00
6.482081238642948750e+14 1.087185126818830981e+35 6.412838412571848750e+14 1.183541445271837800e+00
6.518361544083115000e+14 1.133204185221097070e+35 6.455643992709477500e+14 1.208806304466296444e+00
6.554641849523280000e+14 1.180514636538907902e+35 6.498738542516675000e+14 1.234182051461460317e+00
6.590922154963445000e+14 1.229140998621541587e+35 6.542128490952478750e+14 1.259660321159740581e+00
6.627202460403610000e+14 1.279108077886647654e+35 6.585820347244835000e+14 1.285232724997742881e+00
6.663482765843776250e+14 1.330440970917487342e+35 6.629820701334885000e+14 1.310890861032058208e+00
6.699763071283943750e+14 1.383165066060165048e+35 6.674136224321251250e+14 1.336626323934269056e+00
6.736043376724108750e+14 1.437306045020886881e+35 6.718773668904343750e+14 1.362430714872085336e+00
6.772323682164273750e+14 1.492889884463188053e+35 6.763739869830645000e+14 1.388295651254230378e+00
6.808603987604441250e+14 1.549942857605182763e+35 6.809041744337003750e+14 1.414212776317532283e+00
6.844884293044606250e+14 1.608491535816803203e+35 6.854686292594926250e+14 1.440173768535550902e+00
6.881164598484772500e+14 1.668562790217042073e+35 6.900680598154875000e+14 1.466170350829037350e+00
6.917444903924940000e+14 1.730183793271193425e+35 6.947031828390553750e+14 1.492194299559518322e+00
6.953725209365102500e+14 1.793382020388097025e+35 6.993747234943200000e+14 1.518237453288391103e+00
6.990005514805270000e+14 1.858185251517378459e+35 7.040834154165898750e+14 1.544291721285015795e+00
7.026285820245435000e+14 1.924621572746689990e+35 7.088300007567840000e+14 1.570349091768453720e+00
7.062566125685598750e+14 1.992719377898953615e+35 7.136152302258633750e+14 1.596401639868687994e+00
7.098846431125766250e+14 2.062507370129607457e+35 7.184398631392613750e+14 1.622441535294398163e+00
7.135126736565932500e+14 2.134014563523838492e+35 7.233046674613096250e+14 1.648461049695560732e+00
7.171407042006098750e+14 2.207270284693830783e+35 7.282104198496702500e+14 1.674452563710444153e+00
7.207687347446265000e+14 2.282304174376005957e+35 7.331579056997640000e+14 1.700408573687778979e+00
7.243967652886428750e+14 2.359146189028263324e+35 7.381479191891992500e+14 1.726321698076169087e+00
7.280247958326593750e+14 2.437826602427227729e+35 7.431812633222026250e+14 1.752184683474054872e+00
7.316528263766761250e+14 2.518376007265481554e+35 7.482587499740466250e+14 1.777990410334749694e+00
7.352808569206926250e+14 2.600825316748815899e+35 7.533811999354795000e+14 1.803731898322329164e+00
7.389088874647092500e+14 2.685205766193465156e+35 7.585494429571552500e+14 1.829402311315317720e+00
7.425369180087258750e+14 2.771548914623360036e+35 7.637643177940622500e+14 1.854994962056299768e+00
7.461649485527425000e+14 2.859886646367351450e+35 7.690266722499518750e+14 1.880503316446688666e+00
7.497929790967588750e+14 2.950251172656469438e+35 7.743373632217691250e+14 1.905920997487035917e+00
7.534210096407755000e+14 3.042675033221158111e+35 7.796972567440816250e+14 1.931241788864249465e+00
7.570490401847921250e+14 3.137191097888518721e+35 7.851072280335078750e+14 1.956459638188156491e+00
7.606770707288086250e+14 3.233832568179542025e+35 7.905681615331473750e+14 1.981568659880773575e+00
7.643051012728252500e+14 3.332632978906371635e+35 7.960809509570102500e+14 2.006563137722583434e+00
7.679331318168417500e+14 3.433626199769524217e+35 8.016464993344455000e+14 2.031437527060950821e+00
7.715611623608586250e+14 3.536846436955145089e+35 8.072657190545713750e+14 2.056186456686643460e+00
7.751891929048748750e+14 3.642328234732237275e+35 8.129395319107028750e+14 2.080804730385153789e+00
7.788172234488915000e+14 3.750106477049926697e+35 8.186688691447843750e+14 2.105287328170231564e+00
7.824452539929082500e+14 3.860216389134671303e+35 8.244546714918148750e+14 2.129629407207641378e+00
7.860732845369246250e+14 3.972693539087528476e+35 8.302978892242798750e+14 2.153826302437786833e+00
7.897013150809413750e+14 4.087573839481393676e+35 8.361994821965805000e+14 2.177873526906322965e+00
7.933293456249578750e+14 4.204893548958233905e+35 8.421604198894613750e+14 2.201766771812362578e+00
7.969573761689743750e+14 4.324689273826319711e+35 8.481816814544412500e+14 2.225501906284299558e+00
8.005854067129911250e+14 4.446997969657504401e+35 8.542642557582422500e+14 2.249074976893623568e+00
8.042134372570076250e+14 4.571856942884429476e+35 8.604091414272178750e+14 2.272482206917377123e+00
8.078414678010240000e+14 4.699303852397769909e+35 8.666173468917835000e+14 2.295719995360200549e+00
8.114694983450406250e+14 4.829376711143501558e+35 8.728898904308458750e+14 2.318784915747072795e+00
8.150975288890573750e+14 4.962113887720130213e+35 8.792278002162315000e+14 2.341673714698019104e+00
8.187255594330737500e+14 5.097554107975901452e+35 8.856321143571151250e+14 2.364383310296148011e+00
8.223535899770903750e+14 5.235736456606098309e+35 8.921038809444518750e+14 2.386910790260473370e+00
8.259816205211071250e+14 5.376700378750251135e+35 8.986441580954042500e+14 2.409253409934930534e+00
8.296096510651236250e+14 5.520485681589372543e+35 9.052540139977708750e+14 2.431408590105026857e+00
8.332376816091398750e+14 5.667132535943221137e+35 9.119345269544181250e+14 2.453373914653484089e+00
8.368657121531566250e+14 5.816681477867540881e+35 9.186867854277085000e+14 2.475147128066116142e+00
8.404937426971733750e+14 5.969173410251273913e+35 9.255118880839285000e+14 2.496726132799066633e+00
8.441217732411901250e+14 6.124649604413835338e+35 9.324109438377188750e+14 2.518108986518393433e+00
8.477498037852068750e+14 6.283151701702349651e+35 9.393850718965048750e+14 2.539293899222744511e+00
8.513778343292230000e+14 6.444721715088873140e+35 9.464354018049231250e+14 2.560279230259678851e+00
8.550058648732395000e+14 6.609402030767658348e+35 9.535630734892550000e+14 2.581063485245985945e+00
8.586338954172562500e+14 6.777235409752400089e+35 9.607692373018517500e+14 2.601645312902020279e+00
8.622619259612728750e+14 6.948264989473424647e+35 9.680550540655645000e+14 2.622023501809843893e+00
8.658899565052896250e+14 7.122534285375018436e+35 9.754216951181763750e+14 2.642196977104671163e+00
8.695179870493058750e+14 7.300087192512582514e+35 9.828703423568278750e+14 2.662164797108767633e+00
8.731460175933225000e+14 7.480967987149945012e+35 9.904021882824500000e+14 2.681926149916685542e+00
8.767740481373392500e+14 7.665221328356545164e+35 9.980184360441902500e+14 2.701480349940324821e+00
8.804020786813555000e+14 7.852892259604725075e+35 1.005720299483843500e+15 2.720826834422042761e+00
8.840301092253723750e+14 8.044026210366952122e+35 1.013509003180282375e+15 2.739965159923612781e+00
8.876581397693891250e+14 8.238668997713033978e+35 1.021385782493883250e+15 2.758894998798556042e+00
8.912861703134056250e+14 8.436866827907388241e+35 1.029351883610957875e+15 2.777616135654964680e+00
8.949142008574218750e+14 8.638666298006298781e+35 1.037408563588183250e+15 2.796128463815611198e+00
8.985422314014386250e+14 8.844114397455141093e+35 1.045557090397030625e+15 2.814431981781776670e+00
9.021702619454550000e+14 9.053258509685585514e+35 1.053798742968191250e+15 2.832526789706865333e+00
9.057982924894717500e+14 9.266146413712928837e+35 1.062134811236011625e+15 2.850413085885570297e+00
9.094263230334882500e+14 9.482826285733231119e+35 1.070566596182917250e+15 2.868091163263930987e+00
9.130543535775048750e+14 9.703346700720654664e+35 1.079095409883846125e+15 2.885561405975387128e+00
9.166823841215213750e+14 9.927756634024618551e+35 1.087722575550674750e+15 2.902824285907485979e+00
9.203104146655381250e+14 1.015610546296713024e+36 1.096449427576650500e+15 2.919880359303673956e+00
9.239384452095547500e+14 1.038844296843992974e+36 1.105277311580817250e+15 2.936730263404208507e+00
9.275664757535710000e+14 1.062481933650181684e+36 1.114207584452448000e+15 2.953374713129968132e+00
9.311945062975877500e+14 1.086528515997586609e+36 1.123241614395474125e+15 2.969814497812591991e+00
9.348225368416042500e+14 1.110989144004661378e+36 1.132380780972910000e+15 2.986050477974115491e+00
9.384505673856210000e+14 1.135868958785740142e+36 1.141626475151289000e+15 3.002083582158973307e+00
9.420785979296375000e+14 1.161173142610751098e+36 1.150980099345087250e+15 3.017914803820955782e+00
9.457066284736540000e+14 1.186906919064951871e+36 1.160443067461156250e+15 3.033545198267468823e+00
9.493346590176705000e+14 1.213075553208640685e+36 1.170016804943150750e+15 3.048975879663154753e+00
9.529626895616871250e+14 1.239684351736894243e+36 1.179702748815958000e+15 3.064208018094714880e+00
9.565907201057038750e+14 1.266738663139279786e+36 1.189502347730127750e+15 3.079242836698532049e+00
9.602187506497206250e+14 1.294243877859589585e+36 1.199417062006301250e+15 3.094081608852476073e+00
9.638467811937367500e+14 1.322205428455555355e+36 1.209448363679638500e+15 3.108725655433035584e+00
9.674748117377533750e+14 1.350628789758580832e+36 1.219597736544252500e+15 3.123176342138757278e+00
9.711028422817701250e+14 1.379519479033462235e+36 1.229866676197633750e+15 3.137435076880753737e+00
9.747308728257868750e+14 1.408883056138114792e+36 1.240256690085082000e+15 3.151503307240869134e+00
9.783589033698035000e+14 1.438725123683285679e+36 1.250769297544132250e+15 3.165382517997910927e+00
9.819869339138197500e+14 1.469051327192298990e+36 1.261406029848990000e+15 3.179074228722238882e+00
9.856149644578362500e+14 1.499867355260759677e+36 1.272168430254955000e+15 3.192579991438766029e+00
9.892429950018530000e+14 1.531178939716291433e+36 1.283058054042853500e+15 3.205901388358375126e+00
9.928710255458696250e+14 1.562991855778254209e+36 1.294076468563466000e+15 3.219040029677575632e+00
9.964990560898858750e+14 1.595311922217470293e+36 1.305225253281957500e+15 3.231997551446085470e+00
1.000127086633902625e+15 1.628145001515951273e+36 1.316505999822308000e+15 3.244775613501973410e+00
1.003755117177919250e+15 1.661497000026610830e+36 1.327920312011736750e+15 3.257375897473813176e+00
1.007383147721936000e+15 1.695373868133002624e+36 1.339469805925137500e+15 3.269800104849263089e+00
1.011011178265952375e+15 1.729781600409040467e+36 1.351156109929504750e+15 3.282049955109368700e+00
1.014639208809968750e+15 1.764726235778719089e+36 1.362980864728363250e+15 3.294127183927801017e+00
1.018267239353985500e+15 1.800213857675841098e+36 1.374945723406199250e+15 3.306033541434175937e+00
1.021895269898002250e+15 1.836250594203744239e+36 1.387052351472887000e+15 3.317770790540548909e+00
1.025523300442018750e+15 1.872842618295010061e+36 1.399302426908117000e+15 3.329340705330071870e+00
1.029151330986035500e+15 1.909996147871214190e+36 1.411697640205831750e+15 3.340745069506807052e+00
1.032779361530052125e+15 1.947717446002626145e+36 1.424239694418647000e+15 3.351985674905572754e+00
1.036407392074068250e+15 1.986012821067947509e+36 1.436930305202286250e+15 3.363064320060730861e+00
1.040035422618084875e+15 2.024888626914032998e+36 1.449771200860009750e+15 3.373982808832714841e+00
1.043663453162101375e+15 2.064351263015612690e+36 1.462764122387041000e+15 3.384742949091108510e+00
1.047291483706118125e+15 2.104407174635020770e+36 1.475910823514999500e+15 3.395346551453069406e+00
1.050919514250134625e+15 2.145062852981905955e+36 1.489213070756324000e+15 3.405795428075793829e+00
1.054547544794151375e+15 2.186324835372977945e+36 1.502672643448710250e+15 3.416091391501827168e+00
1.058175575338168000e+15 2.228199705391711356e+36 1.516291333799534000e+15 3.426236253555861033e+00
1.061803605882184375e+15 2.270694093048084200e+36 1.530070946930282750e+15 3.436231824291776427e+00
1.065431636426200750e+15 2.313814674938292741e+36 1.544013300920984250e+15 3.446079910988602002e+00
1.069059666970217375e+15 2.357568174404480235e+36 1.558120226854636750e+15 3.455782317194097786e+00
1.072687697514234250e+15 2.401961361694464184e+36 1.572393568861638500e+15 3.465340841814641859e+00
1.076315728058250875e+15 2.447001054121446178e+36 1.586835184164212000e+15 3.474757278250124148e+00
1.079943758602267375e+15 2.492694116223750079e+36 1.601446943120840500e+15 3.484033413572554139e+00
1.083571789146283875e+15 2.539047459924547799e+36 1.616230729270694750e+15 3.493171027747071111e+00
1.087199819690300375e+15 2.586068044691574163e+36 1.631188439378060500e+15 3.502171892894080596e+00
1.090827850234316750e+15 2.633762877696854462e+36 1.646321983476769250e+15 3.511037772591251382e+00
1.094455880778334000e+15 2.682139013976435251e+36 1.661633284914629500e+15 3.519770421214089229e+00
1.098083911322350125e+15 2.731203556590086229e+36 1.677124280397846750e+15 3.528371583313881121e+00
1.101711941866366875e+15 2.780963656781060842e+36 1.692796920035469750e+15 3.536842993031731552e+00
1.105339972410383625e+15 2.831426514135785178e+36 1.708653167383802000e+15 3.545186373547520198e+00
1.108968002954399875e+15 2.882599376743604403e+36 1.724694999490842250e+15 3.553403436562557083e+00
1.112596033498416250e+15 2.934489541356498515e+36 1.740924406940710000e+15 3.561495881814795261e+00
1.116224064042432750e+15 2.987104353548808120e+36 1.757343393898075750e+15 3.569465396625397080e+00
1.119852094586449750e+15 3.040451207876963760e+36 1.773953978152591500e+15 3.577313655475583776e+00
1.123480125130466250e+15 3.094537548039186311e+36 1.790758191163311250e+15 3.585042319612614214e+00
1.127108155674483000e+15 3.149370867035251724e+36 1.807758078103135500e+15 3.592653036683815859e+00
1.130736186218499500e+15 3.204958707326176669e+36 1.824955697903227000e+15 3.600147440397635012e+00
1.134364216762516000e+15 3.261308660993967926e+36 1.842353123297448500e+15 3.607527150210618316e+00
1.137992247306532500e+15 3.318428369901336365e+36 1.859952440866787500e+15 3.614793771039349402e+00
1.141620277850548750e+15 3.376325525851419182e+36 1.877755751083786750e+15 3.621948892996348146e+00
1.145248308394565750e+15 3.435007870747517492e+36 1.895765168356977250e+15 3.628994091148932899e+00
1.148876338938582250e+15 3.494483196752793771e+36 1.913982821075297250e+15 3.635930925300156602e+00
1.152504369482598750e+15 3.554759346450019485e+36 1.932410851652532000e+15 3.642760939790863794e+00
1.156132400026615250e+15 3.615844213001298509e+36 1.951051416571740500e+15 3.649485663321983431e+00
1.159760430570631750e+15 3.677745740307781689e+36 1.969906686429683750e+15 3.656106608796211965e+00
1.163388461114648500e+15 3.740471923169393223e+36 1.988978845981250500e+15 3.662625273178214513e+00
1.167016491658665250e+15 3.804030807444562928e+36 2.008270094183894500e+15 3.669043137372558494e+00
1.170644522202681750e+15 3.868430490209926055e+36 2.027782644242053750e+15 3.675361666118562187e+00
1.174272552746698500e+15 3.933679119920085076e+36 2.047518723651590000e+15 3.681582307901303697e+00
1.177900583290715000e+15 3.999784896567301230e+36 2.067480574244210250e+15 3.687706494878035812e+00
1.181528613834731250e+15 4.066756071841238605e+36 2.087670452231900750e+15 3.693735642819309106e+00
1.185156644378748000e+15 4.134600949288676933e+36 2.108090628251354750e+15 3.699671151064056751e+00
1.188784674922764250e+15 4.203327884473245046e+36 2.128743387408400750e+15 3.705514402488028214e+00
1.192412705466781250e+15 4.272945285135140163e+36 2.149631029322435000e+15 3.711266763484861730e+00
1.196040736010798000e+15 4.343461611350841869e+36 2.170755868170842750e+15 3.716929583959204475e+00
1.199668766554814500e+15 4.414885375692848524e+36 2.192120232733437250e+15 3.722504197331248932e+00
1.203296797098831000e+15 4.487225143389408942e+36 2.213726466436885500e+15 3.727991920552104155e+00
