4.813187188395323750e+14 8.837164195692976538e+20 4.559589153737935625e+14 4.449489216799232816e-01
4.844630119776800000e+14 1.218617495778729538e+33 4.589419272334482500e+14 4.641776073874906428e-01
4.876073051158276875e+14 2.493088956224678415e+33 4.619339396699284375e+14 4.837543853132728056e-01
4.907515982539755000e+14 3.824816929408605420e+33 4.649353003997953750e+14 5.036758392771035764e-01
4.938958913921231875e+14 5.215224148322394757e+33 4.679463627542985625e+14 5.239382502635294703e-01
4.970401845302709375e+14 6.665753661041077763e+33 4.709674857155825625e+14 5.445375979597779637e-01
5.001844776684185625e+14 8.177868960883390122e+33 4.739990339528920000e+14 5.654695628773269700e-01
5.033287708065662500e+14 9.753054116572464984e+33 4.770413778587779375e+14 5.867295290597910329e-01
5.064730639447138750e+14 1.139281390239653415e+34 4.800948935853033125e+14 6.083125873778202353e-01
5.096173570828615000e+14 1.309867392836962120e+34 4.831599630802491250e+14 6.302135394096458620e-01
5.127616502210093750e+14 1.487218077039254012e+34 4.862369741233201250e+14 6.524269019038356765e-01
5.159059433591570000e+14 1.671490210041307537e+34 4.893263203623500000e+14 6.749469118187041428e-01
5.190502364973047500e+14 1.862842681658699092e+34 4.924284013495086875e+14 6.977675319307584667e-01
5.221945296354523750e+14 2.061436517343880520e+34 4.955436225775066875e+14 7.208824570024210399e-01
5.253388227736001875e+14 2.267434891202263526e+34 4.986723955158019375e+14 7.442851204972386059e-01
5.284831159117478750e+14 2.481003139008220854e+34 5.018151376468048750e+14 7.679687018287056910e-01
5.316274090498955625e+14 2.702308771221236411e+34 5.049722725020848125e+14 7.919261341268846177e-01
5.347717021880431875e+14 2.931521486001944036e+34 5.081442296985755625e+14 8.161501125049993588e-01
5.379159953261909375e+14 3.168813182228187465e+34 5.113314449747813750e+14 8.406331028063648292e-01
5.410602884643386875e+14 3.414357972511111668e+34 5.145343602269825625e+14 8.653673508101732414e-01
5.442045816024863750e+14 3.668332196211218209e+34 5.177534235454413750e+14 8.903448918729803818e-01
5.473488747406340625e+14 3.930914432454465802e+34 5.209890892506081875e+14 9.155575609811181792e-01
5.504931678787817500e+14 4.202285513148276326e+34 5.242418179293266875e+14 9.409970031877409324e-01
5.536374610169293750e+14 4.482628535997684729e+34 5.275120764710403750e+14 9.666546844068829580e-01
5.567817541550770000e+14 4.772128877521343197e+34 5.308003381039977500e+14 9.925219025355862534e-01
5.599260472932248750e+14 5.070974206067671056e+34 5.341070824314591250e+14 1.018589798874083741e+00
5.630703404313725000e+14 5.379354494830813289e+34 5.374327954679008750e+14 1.044849369813003692e+00
5.662146335695201250e+14 5.697462034866808881e+34 5.407779696752226875e+14 1.071291478755761473e+00
5.693589267076678750e+14 6.025491448109637420e+34 5.441431039989531250e+14 1.097906868243564427e+00
5.725032198458156250e+14 6.363639700387273997e+34 5.475287039044551250e+14 1.124686172249949268e+00
5.756475129839632500e+14 6.712106114437736729e+34 5.509352814131311875e+14 1.151619928611374633e+00
5.787918061221111250e+14 7.071092382925208062e+34 5.543633551386311875e+14 1.178698591560159326e+00
5.819360992602587500e+14 7.440802581456115506e+34 5.578134503230559375e+14 1.205912544325970170e+00
5.850803923984065000e+14 7.821443181595117350e+34 5.612860988731648750e+14 1.233252111772140891e+00
5.882246855365541250e+14 8.213223063881248879e+34 5.647818393965800000e+14 1.260707573033345463e+00
5.913689786747017500e+14 8.616353530844004024e+34 5.683012172379940000e+14 1.288269174121495997e+00
5.945132718128496250e+14 9.031048320019342294e+34 5.718447845153742500e+14 1.315927140467259449e+00
5.976575649509972500e+14 9.457523616965783342e+34 5.754131001561690000e+14 1.343671689365256272e+00
6.008018580891448750e+14 9.895998068280495069e+34 5.790067299335140000e+14 1.371493042291783704e+00
6.039461512272926250e+14 1.034669279461539095e+35 5.826262465024373750e+14 1.399381437064804556e+00
6.070904443654403750e+14 1.080983140369313605e+35 5.862722294360660000e+14 1.427327139816985557e+00
6.102347375035880000e+14 1.128564000332321391e+35 5.899452652618310000e+14 1.455320456753725900e+00
6.133790306417356250e+14 1.177434721441810967e+35 5.936459474976743750e+14 1.483351745669342359e+00
6.165233237798835000e+14 1.227618418400925704e+35 5.973748766882538750e+14 1.511411427195894053e+00
6.196676169180311250e+14 1.279138459826313469e+35 6.011326604411485000e+14 1.539489995760597640e+00
6.228119100561787500e+14 1.332018469549738484e+35 6.049199134630660000e+14 1.567578030229239472e+00
6.259562031943265000e+14 1.386282327919687458e+35 6.087372575960476250e+14 1.595666204214553074e+00
6.291004963324741250e+14 1.441954173102974060e+35 6.125853218536733750e+14 1.623745296030131513e+00
6.322447894706220000e+14 1.499058402386340634e+35 6.164647424572691250e+14 1.651806198272124604e+00
6.353890826087695000e+14 1.557619673478081118e+35 6.203761628721112500e+14 1.679839927012622081e+00
6.385333757469172500e+14 1.617662905809633525e+35 6.243202338436340000e+14 1.707837630590333999e+00
6.416776688850650000e+14 1.679213281837193835e+35 6.282976134336333750e+14 1.735790597985923611e+00
6.448219620232127500e+14 1.742296248343316034e+35 6.323089670564745000e+14 1.763690266771027915e+00
6.479662551613602500e+14 1.806937517738529141e+35 6.363549675152963750e+14 1.791528230621767248e+00
6.511105482995081250e+14 1.873163069362943708e+35 6.404362950382192500e+14 1.819296246389197069e+00
6.542548414376557500e+14 1.940999150787846149e+35 6.445536373145482500e+14 1.846986240720857042e+00
6.573991345758033750e+14 2.010472279117320560e+35 6.487076895309811250e+14 1.874590316229227671e+00
6.605434277139511250e+14 2.081609242289845812e+35 6.528991544078132500e+14 1.902100757204481685e+00
6.636877208520990000e+14 2.154437100379912940e+35 6.571287422351436250e+14 1.929510034870506097e+00
6.668320139902467500e+14 2.228983186899615969e+35 6.613971709090798750e+14 1.956810812184652804e+00
6.699763071283943750e+14 2.305275110100275203e+35 6.657051659679457500e+14 1.983995948183171487e+00
6.731206002665418750e+14 2.383340754274041333e+35 6.700534606284856250e+14 2.011058501875601312e+00
6.762648934046896250e+14 2.463208281055490320e+35 6.744427958220712500e+14 2.037991735692771922e+00
6.794091865428373750e+14 2.544906130723252590e+35 6.788739202309065000e+14 2.064789118494310571e+00
6.825534796809850000e+14 2.628463023501590576e+35 6.833475903242337500e+14 2.091444328142677556e+00
6.856977728191330000e+14 2.713907960862034181e+35 6.878645703945403750e+14 2.117951253651931598e+00
6.888420659572805000e+14 2.801270226824973455e+35 6.924256325937628750e+14 2.144303996920358557e+00
6.919863590954282500e+14 2.890579389261260113e+35 6.970315569694948750e+14 2.170496874057118664e+00
6.951306522335758750e+14 2.981865301193837098e+35 7.016831315011912500e+14 2.196524416313860417e+00
6.982749453717233750e+14 3.075158102099315391e+35 7.063811521363747500e+14 2.222381370633072173e+00
7.014192385098712500e+14 3.170488219209616112e+35 7.111264228268420000e+14 2.248062699825602806e+00
7.045635316480188750e+14 3.267886368813538475e+35 7.159197555648681250e+14 2.273563582390437432e+00
7.077078247861666250e+14 3.367383557558397837e+35 7.207619704194138750e+14 2.298879411990315980e+00
7.108521179243143750e+14 3.469011083751621683e+35 7.256538955723311250e+14 2.324005796597252704e+00
7.139964110624620000e+14 3.572800538662345252e+35 7.305963673545683750e+14 2.348938557322409970e+00
7.171407042006098750e+14 3.678783807823051428e+35 7.355902302823771250e+14 2.373673726945070506e+00
7.202849973387572500e+14 3.786993072331137584e+35 7.406363370935165000e+14 2.398207548155700586e+00
7.234292904769052500e+14 3.897460810150555477e+35 7.457355487834617500e+14 2.422536471528255131e+00
7.265735836150527500e+14 4.010219797413390634e+35 7.508887346416058750e+14 2.446657153237000060e+00
7.297178767532006250e+14 4.125303109721494128e+35 7.560967722874700000e+14 2.470566452533153434e+00
7.328621698913481250e+14 4.242744123448072299e+35 7.613605477069050000e+14 2.494261428996614960e+00
7.360064630294958750e+14 4.362576517039308198e+35 7.666809552883018750e+14 2.517739339578027202e+00
7.391507561676437500e+14 4.484834272315953518e+35 7.720588978587933750e+14 2.540997635446237801e+00
7.422950493057912500e+14 4.609551675774942667e+35 7.774952867204612500e+14 2.564033958656086298e+00
7.454393424439388750e+14 4.736763319891006827e+35 7.829910416865437500e+14 2.586846138651218929e+00
7.485836355820865000e+14 4.866504104418276962e+35 7.885470911176396250e+14 2.609432188616372272e+00
7.517279287202346250e+14 4.998809237691872794e+35 7.941643719579142500e+14 2.631790301693263334e+00
7.548722218583822500e+14 5.133714237929538269e+35 7.998438297713048750e+14 2.653918847073931886e+00
7.580165149965296250e+14 5.271254934533229063e+35 8.055864187777280000e+14 2.675816365984953649e+00
7.611608081346775000e+14 5.411467469390743620e+35 8.113931018892853750e+14 2.697481567575636952e+00
7.643051012728252500e+14 5.554388298177282616e+35 8.172648507464668750e+14 2.718913324722825653e+00
7.674493944109730000e+14 5.700054191657116894e+35 8.232026457543597500e+14 2.740110669764598050e+00
7.705936875491206250e+14 5.848502236985151356e+35 8.292074761188525000e+14 2.761072790174573743e+00
7.737379806872682500e+14 5.999769839008532387e+35 8.352803398828410000e+14 2.781799024188239766e+00
7.768822738254161250e+14 6.153894721568291441e+35 8.414222439624355000e+14 2.802288856392082916e+00
7.800265669635638750e+14 6.310914928800917786e+35 8.476342041831642500e+14 2.822541913285942616e+00
7.831708601017115000e+14 6.470868826439961506e+35 8.539172453161813750e+14 2.842557958828456854e+00
7.863151532398588750e+14 6.633795103117674868e+35 8.602724011144715000e+14 2.862336889975027887e+00
7.894594463780066250e+14 6.799732771666599824e+35 8.667007143490570000e+14 2.881878732217172168e+00
7.926037395161545000e+14 6.968721170421170280e+35 8.732032368452021250e+14 2.901183635131723726e+00
7.957480326543023750e+14 7.140799964519316564e+35 8.797810295186191250e+14 2.920251867947792679e+00
7.988923257924497500e+14 7.316009147204083188e+35 8.864351624116746250e+14 2.939083815138943123e+00
8.020366189305976250e+14 7.494389041125234796e+35 8.931667147295962500e+14 2.957679972047571937e+00
8.051809120687455000e+14 7.675980299640864332e+35 8.999767748766768750e+14 2.976040940547981073e+00
8.083252052068931250e+14 7.860823908118992348e+35 9.068664404924803750e+14 2.994167424754186957e+00
8.114694983450406250e+14 8.048961185239170740e+35 9.138368184880495000e+14 3.012060226778099370e+00
8.146137914831883750e+14 8.240433784294121908e+35 9.208890250821101250e+14 3.029720242543180841e+00
8.177580846213362500e+14 8.435283694491302646e+35 9.280241858372768750e+14 3.047148457658352960e+00
8.209023777594838750e+14 8.633553242254525588e+35 9.352434356962593750e+14 3.064345943356456381e+00
8.240466708976315000e+14 8.835285092525583607e+35 9.425479190180686250e+14 3.081313852501188055e+00
8.271909640357791250e+14 9.040522250065838793e+35 9.499387896142220000e+14 3.098053415666047972e+00
8.303352571739268750e+14 9.249308060757835048e+35 9.574172107849497500e+14 3.114565937288444886e+00
8.334795503120743750e+14 9.461686212906895920e+35 9.649843553553998750e+14 3.130852791901789001e+00
8.366238434502222500e+14 9.677700738542784418e+35 9.726414057118461250e+14 3.146915420448016754e+00
8.397681365883700000e+14 9.897396014721201969e+35 9.803895538378900000e+14 3.162755326672684220e+00
8.429124297265180000e+14 1.012081676482549694e+36 9.882300013506707500e+14 3.178374073604462779e+00
8.460567228646655000e+14 1.034800805986822705e+36 9.961639595370675000e+14 3.193773280120563385e+00
8.492010160028131250e+14 1.057901531979278377e+36 1.004192649389909250e+15 3.208954617599331538e+00
8.523453091409608750e+14 1.081388431477497392e+36 1.012317301644176875e+15 3.223919806660997978e+00
8.554896022791082500e+14 1.105266116652464260e+36 1.020539156813209625e+15 3.238670613997322700e+00
8.586338954172562500e+14 1.129539234958733446e+36 1.028859465224915375e+15 3.253208849290616378e+00
8.617781885554038750e+14 1.154212469264574844e+36 1.037279487057967625e+15 3.267536362222420721e+00
8.649224816935515000e+14 1.179290537982151704e+36 1.045800492378020500e+15 3.281655039571916177e+00
8.680667748316992500e+14 1.204778195197671864e+36 1.054423761173909375e+15 3.295566802403913531e+00
8.712110679698471250e+14 1.230680230801549889e+36 1.063150583393857625e+15 3.309273603346143844e+00
8.743553611079945000e+14 1.257001470618569811e+36 1.071982258981683000e+15 3.322777423955347587e+00
8.774996542461422500e+14 1.283746776538042250e+36 1.080920097913003750e+15 3.336080272171555450e+00
8.806439473842900000e+14 1.310921046643971729e+36 1.089965420231444000e+15 3.349184179859759691e+00
8.837882405224378750e+14 1.338529215345209667e+36 1.099119556084839000e+15 3.362091200438107386e+00
8.869325336605853750e+14 1.366576253505616229e+36 1.108383845761440375e+15 3.374803406591547539e+00
8.900768267987332500e+14 1.395067168574227191e+36 1.117759639726125750e+15 3.387322888069844939e+00
8.932211199368806250e+14 1.424007004715408120e+36 1.127248298656599000e+15 3.399651749568696424e+00
8.963654130750285000e+14 1.453400842939023744e+36 1.136851193479603000e+15 3.411792108692639935e+00
8.995097062131760000e+14 1.483253801230580474e+36 1.146569705407116000e+15 3.423746093998351281e+00
9.026539993513237500e+14 1.513571034681412012e+36 1.156405225972567750e+15 3.435515843116883961e+00
9.057982924894717500e+14 1.544357735618821571e+36 1.166359157067038250e+15 3.447103500953270228e+00
9.089425856276195000e+14 1.575619133736245055e+36 1.176432910975465000e+15 3.458511217961946826e+00
9.120868787657670000e+14 1.607360496223419844e+36 1.186627910412851250e+15 3.469741148496349403e+00
9.152311719039147500e+14 1.639587127896537049e+36 1.196945588560469500e+15 3.480795449230997374e+00
9.183754650420626250e+14 1.672304371328413547e+36 1.207387389102069000e+15 3.491676277654388816e+00
9.215197581802102500e+14 1.705517606978631841e+36 1.217954766260078250e+15 3.502385790630937912e+00
9.246640513183577500e+14 1.739232253323726849e+36 1.228649184831816000e+15 3.512926143030258519e+00
9.278083444565055000e+14 1.773453766987326357e+36 1.239472120225693000e+15 3.523299486421962001e+00
9.309526375946533750e+14 1.808187642870322752e+36 1.250425058497419250e+15 3.533507967834252916e+00
9.340969307328012500e+14 1.843439414281023808e+36 1.261509496386208750e+15 3.543553728574498241e+00
9.372412238709483750e+14 1.879214653065323829e+36 1.272726941350986500e+15 3.553438903110027525e+00
9.403855170090965000e+14 1.915518969736865946e+36 1.284078911606597500e+15 3.563165618007348545e+00
9.435298101472441250e+14 1.952358013607183151e+36 1.295566936160003500e+15 3.572735990928034955e+00
9.466741032853917500e+14 1.989737472915886572e+36 1.307192554846499000e+15 3.582152129679516239e+00
9.498183964235392500e+14 2.027663074960805028e+36 1.318957318365910250e+15 3.591416131319027372e+00
9.529626895616871250e+14 2.066140586228157071e+36 1.330862788318805500e+15 3.600530081308988883e+00
9.561069826998350000e+14 2.105175812522701171e+36 1.342910537242695750e+15 3.609496052722097392e+00
9.592512758379823750e+14 2.144774599097906568e+36 1.355102148648245250e+15 3.618316105494469692e+00
9.623955689761301250e+14 2.184942830786116455e+36 1.367439217055476750e+15 3.626992285725131993e+00
9.655398621142778750e+14 2.225686432128695504e+36 1.379923348029975000e+15 3.635526625020248481e+00
9.686841552524253750e+14 2.267011367506198954e+36 1.392556158219093750e+15 3.643921139880485160e+00
9.718284483905731250e+14 2.308923641268534015e+36 1.405339275388162000e+15 3.652177831129879149e+00
9.749727415287207500e+14 2.351429297865116553e+36 1.418274338456689000e+15 3.660298683384728857e+00
9.781170346668690000e+14 2.394534421975038103e+36 1.431362997534572250e+15 3.668285664560924531e+00
9.812613278050165000e+14 2.438245138637214291e+36 1.444606913958298250e+15 3.676140725418272304e+00
9.844056209431642500e+14 2.482567613380560997e+36 1.458007760327154750e+15 3.683865799140337405e+00
9.875499140813120000e+14 2.527508052354146615e+36 1.471567220539433000e+15 3.691462800948387191e+00
9.906942072194593750e+14 2.573072702457347553e+36 1.485286989828632250e+15 3.698933627748050679e+00
9.938385003576071250e+14 2.619267851470028529e+36 1.499168774799671000e+15 3.706280157807345876e+00
9.969827934957550000e+14 2.666099828182677420e+36 1.513214293465087000e+15 3.713504250464745304e+00
1.000127086633902625e+15 2.713575002526585848e+36 1.527425275281245000e+15 3.720607745866006066e+00
1.003271379772050250e+15 2.761699785703992584e+36 1.541803461184542250e+15 3.727592464728526345e+00
1.006415672910197875e+15 2.810480630318268863e+36 1.556350603627618500e+15 3.734460208131988423e+00
1.009559966048345750e+15 2.859924030504055292e+36 1.571068466615555750e+15 3.741212757334148264e+00
1.012704259186493500e+15 2.910036522057432703e+36 1.585958825742086000e+15 3.747851873610593021e+00
1.015848552324641000e+15 2.960824682566083559e+36 1.601023468225800250e+15 3.754379298117384689e+00
1.018992845462788750e+15 3.012295131539450409e+36 1.616264192946349750e+15 3.760796751775516533e+00
1.022137138600936625e+15 3.064454530538898475e+36 1.631682810480656000e+15 3.767105935176114251e+00
1.025281431739084375e+15 3.117309583307871749e+36 1.647281143139111750e+15 3.773308528505412873e+00
1.028425724877232000e+15 3.170867035902058527e+36 1.663061025001791250e+15 3.779406191488521305e+00
1.031570018015379750e+15 3.225133676819552230e+36 1.679024301954654750e+15 3.785400563351027703e+00
1.034714311153527125e+15 3.280116337131007495e+36 1.695172831725752250e+15 3.791293262797541974e+00
1.037858604291674875e+15 3.335821890609811618e+36 1.711508483921434750e+15 3.797085888006315635e+00
1.041002897429822625e+15 3.392257253862228254e+36 1.728033140062552500e+15 3.802780016639061955e+00
1.044147190567970125e+15 3.449429386457572396e+36 1.744748693620666250e+15 3.808377205865195236e+00
1.047291483706117875e+15 3.507345291058361751e+36 1.761657050054251750e+15 3.813878992399676093e+00
1.050435776844265875e+15 3.566012013550494673e+36 1.778760126844907000e+15 3.819286892553724222e+00
1.053580069982413625e+15 3.625436643173377331e+36 1.796059853533551750e+15 3.824602402297660575e+00
1.056724363120561000e+15 3.685626312650121128e+36 1.813558171756642500e+15 3.829826997335184391e+00
1.059868656258708875e+15 3.746588198317682265e+36 1.831257035282372750e+15 3.834962133188409616e+00
1.063012949396856500e+15 3.808329520257026686e+36 1.849158410046878750e+15 3.840009245293014128e+00
1.066157242535004250e+15 3.870857542423294444e+36 1.867264274190448000e+15 3.844969749102879586e+00
1.069301535673152125e+15 3.934179572775958738e+36 1.885576618093724500e+15 3.849845040203625501e+00
1.072445828811300000e+15 3.998302963408976110e+36 1.904097444413909750e+15 3.854636494434461991e+00
1.075590121949447375e+15 4.063235110680966149e+36 1.922828768120976000e+15 3.859345468017826519e+00
1.078734415087595250e+15 4.128983455345361091e+36 1.941772616533868250e+15 3.863973297696259745e+00
1.081878708225742875e+15 4.195555482680560734e+36 1.960931029356708000e+15 3.868521300876019087e+00
1.085023001363890500e+15 4.262958722620116867e+36 1.980306058715006750e+15 3.872990775776981476e+00
1.088167294502038250e+15 4.331200749882863388e+36 1.999899769191862250e+15 3.877383001588310840e+00
1.091311587640185625e+15 4.400289184103090701e+36 2.019714237864168000e+15 3.881699238629508830e+00
1.094455880778333500e+15 4.470231689960717154e+36 2.039751554338824000e+15 3.885940728516398934e+00
1.097600173916481250e+15 4.541035977311435102e+36 2.060013820788935250e+15 3.890108694331643413e+00
1.100744467054629000e+15 4.612709801316869949e+36 2.080503151990020750e+15 3.894204340799410691e+00
1.103888760192776875e+15 4.685260962574752182e+36 2.101221675356220750e+15 3.898228854463825943e+00
1.107033053330924375e+15 4.758697307249072876e+36 2.122171530976498250e+15 3.902183403870862044e+00
