5.775824626074387500e+14 1.065301985234221793e+21 5.471506984485521875e+14 4.449489216799230595e-01
5.819360992602587500e+14 1.693223620539441685e+33 5.512819708350602500e+14 4.671668445005618397e-01
5.862897359130785000e+14 3.476024912663573775e+33 5.554277079713060000e+14 4.898475191244468507e-01
5.906433725658985000e+14 5.350997940946849324e+33 5.595885532313021875e+14 5.129855902144455637e-01
5.949970092187183750e+14 7.320779789010497114e+33 5.637651619553478750e+14 5.365751664371191110e-01
5.993506458715381250e+14 9.388050878972400658e+33 5.679582015388870000e+14 5.606098240669162847e-01
6.037042825243581250e+14 1.155553529089533025e+34 5.721683515213682500e+14 5.850826119707404072e-01
6.080579191771780000e+14 1.382600108223500697e+34 5.763963036751012500e+14 6.099860579773251912e-01
6.124115558299980000e+14 1.620226060728920550e+34 5.806427620941173750e+14 6.353121766294376194e-01
6.167651924828178750e+14 1.868717083664521399e+34 5.849084432830268750e+14 6.610524783103909341e-01
6.211188291356377500e+14 2.128363367662915130e+34 5.891940762458780000e+14 6.871979797297966819e-01
6.254724657884577500e+14 2.399459628875365517e+34 5.935004025750161250e+14 7.137392157468497311e-01
6.298261024412776250e+14 2.682305140916631055e+34 5.978281765399408750e+14 7.406662525029176214e-01
6.341797390940973750e+14 2.977203766809860597e+34 6.021781651761657500e+14 7.679687018287055800e-01
6.385333757469172500e+14 3.284463990931349720e+34 6.065511483740770000e+14 7.956357368849158451e-01
6.428870123997372500e+14 3.604398950955457344e+34 6.109479189677913750e+14 8.236561089892182608e-01
6.472406490525570000e+14 3.937326469799384465e+34 6.153692828240142500e+14 8.520181655763493511e-01
6.515942857053770000e+14 4.283569087568021598e+34 6.198160589308998750e+14 8.807098692326019718e-01
6.559479223581968750e+14 4.643454093498815135e+34 6.242890794869085000e+14 9.097188177405886034e-01
6.603015590110166250e+14 5.017313557906590341e+34 6.287891899896652500e+14 9.390322650652499492e-01
6.646551956638365000e+14 5.405484364128383588e+34 6.333172493248193750e+14 9.686371432075315813e-01
6.690088323166566250e+14 5.808308240468279190e+34 6.378741298549021250e+14 9.985200848480586533e-01
6.733624689694763750e+14 6.226131792142227334e+34 6.424607175081846250e+14 1.028667446699508048e+00
6.777161056222965000e+14 6.659306533222962544e+34 6.470779118675387500e+14 1.059065333483266036e+00
6.820697422751162500e+14 7.108188918584714625e+34 6.517266262592926250e+14 1.089699622443324412e+00
6.864233789279360000e+14 7.573140375848186152e+34 6.564077878420920000e+14 1.120555988308363116e+00
6.907770155807558750e+14 8.054527337325273560e+34 6.611223376957573750e+14 1.151619928611374188e+00
6.951306522335758750e+14 8.552721271963935800e+34 6.658712309101425000e+14 1.182876789275307372e+00
6.994842888863957500e+14 9.068098717293122952e+34 6.706554366739931250e+14 1.214311790372760047e+00
7.038379255392156250e+14 9.601041311367465027e+34 6.754759383638060000e+14 1.245910051967912491e+00
7.081915621920353750e+14 1.015193582471219412e+35 6.803337336326867500e+14 1.277656619949636418e+00
7.125451988448553750e+14 1.072117419226799372e+35 6.852298344992093750e+14 1.309536491765910471e+00
7.168988354976753750e+14 1.130915354533580275e+35 6.901652674362736250e+14 1.341534641971451336e+00
7.212524721504952500e+14 1.191627624352169168e+35 6.951410734599646250e+14 1.373636047502719615e+00
7.256061088033151250e+14 1.254294990668159831e+35 7.001583082184103750e+14 1.405825712597167154e+00
7.299597454561350000e+14 1.318958744686632929e+35 7.052180420806413750e+14 1.438088693276758256e+00
7.343133821089547500e+14 1.385660710026626271e+35 7.103213602254488750e+14 1.470410121319336350e+00
7.386670187617747500e+14 1.454443245915620205e+35 7.154693627302430000e+14 1.502775227645356093e+00
7.430206554145947500e+14 1.525349250384032043e+35 7.206631646599118750e+14 1.535169365051754387e+00
7.473742920674145000e+14 1.598422163459686882e+35 7.259038961556793750e+14 1.567578030229239694e+00
7.517279287202343750e+14 1.673705970362302438e+35 7.311927025239647500e+14 1.599986885004150539e+00
7.560815653730545000e+14 1.751245204697990116e+35 7.365307443252407500e+14 1.632381776750957414e+00
7.604352020258742500e+14 1.831084951653712548e+35 7.419191974628913750e+14 1.664748757926687972e+00
7.647888386786941250e+14 1.913270851191787613e+35 7.473592532720722500e+14 1.697074104683842455e+00
7.691424753315140000e+14 1.997849101244359989e+35 7.528521186085673750e+14 1.729344334523700955e+00
7.734961119843337500e+14 2.084866460907897986e+35 7.583990159376483750e+14 1.761546222957369734e+00
7.778497486371538750e+14 2.174370253637661594e+35 7.640011834229340000e+14 1.793666819147263780e+00
7.822033852899736250e+14 2.266408370442193033e+35 7.696598750152462500e+14 1.825693460507126442e+00
7.865570219427933750e+14 2.361029273077814328e+35 7.753763605414723750e+14 1.857613786243965226e+00
7.909106585956132500e+14 2.458281997243082068e+35 7.811519257934200000e+14 1.889415749830414493e+00
7.952642952484333750e+14 2.558216155773293833e+35 7.869878726166782500e+14 1.921087630401143498e+00
7.996179319012532500e+14 2.660881941834972102e+35 7.928855189994746250e+14 1.952618043071740583e+00
8.039715685540733750e+14 2.766330132120328989e+35 7.988461991615348750e+14 1.983995948183170821e+00
8.083252052068931250e+14 2.874612090041773763e+35 8.048712636429402500e+14 2.015210659479415245e+00
8.126788418597126250e+14 2.985779768926373893e+35 8.109620793929867500e+14 2.046251851230033392e+00
8.170324785125328750e+14 3.099885715210364419e+35 8.171200298590455000e+14 2.077109564313437851e+00
8.213861151653526250e+14 3.216983071633604193e+35 8.233465150754167500e+14 2.107774211280265764e+00
8.257397518181727500e+14 3.337125580434079719e+35 8.296429517521930000e+14 2.138236580419754507e+00
8.300933884709926250e+14 3.460367586542382423e+35 8.360107733641152500e+14 2.168487838855052807e+00
8.344470251238125000e+14 3.586764040776194050e+35 8.424514302394321250e+14 2.198519534696310451e+00
8.388006617766322500e+14 3.716370503034753967e+35 8.489663896487580000e+14 2.228323598282877072e+00
8.431542984294523750e+14 3.849243145493377028e+35 8.555571358939331250e+14 2.257892342548237785e+00
8.475079350822721250e+14 3.985438755797906493e+35 8.622251703968791250e+14 2.287218462543211928e+00
8.518615717350920000e+14 4.125014740259214177e+35 8.689720117884615000e+14 2.316295034154646881e+00
8.562152083879117500e+14 4.268029127047674033e+35 8.757991959973445000e+14 2.345115512058221885e+00
8.605688450407315000e+14 4.414540569387657138e+35 8.827082763388521250e+14 2.373673726945070506e+00
8.649224816935515000e+14 4.564608348752014128e+35 8.897008236038265000e+14 2.401963882062795097e+00
8.692761183463715000e+14 4.718292378056521482e+35 8.967784261474841250e+14 2.429980549112040311e+00
8.736297549991913750e+14 4.875653204854453243e+35 9.039426899782777500e+14 2.457718663540165771e+00
8.779833916520112500e+14 5.036752014530957944e+35 9.111952388467521250e+14 2.485173519273647269e+00
8.823370283048311250e+14 5.201650633497625158e+35 9.185377143344050000e+14 2.512340762930820759e+00
8.866906649576508750e+14 5.370411532386926623e+35 9.259717759425431250e+14 2.539216387556243681e+00
8.910443016104710000e+14 5.543097829246718596e+35 9.334991011811436250e+14 2.565796725917528054e+00
8.953979382632908750e+14 5.719773292734702901e+35 9.411213856577096250e+14 2.592078443404848720e+00
8.997515749161105000e+14 5.900502345312932235e+35 9.488403431661308750e+14 2.618058530572568099e+00
9.041052115689307500e+14 6.085350066442316222e+35 9.566577057755428750e+14 2.643734295361480857e+00
9.084588482217506250e+14 6.274382195777030802e+35 9.645752239191818750e+14 2.669103355039143199e+00
9.128124848745702500e+14 6.467665136359079622e+35 9.725946664832476250e+14 2.694163627894635926e+00
9.171661215273902500e+14 6.665265957812738844e+35 9.807178208957603750e+14 2.718913324722825209e+00
9.215197581802103750e+14 6.867252399539049909e+35 9.889464932154178750e+14 2.743350940131887405e+00
9.258733948330298750e+14 7.073692873910278373e+35 9.972825082204553750e+14 2.767475243706466692e+00
9.302270314858498750e+14 7.284656469464468647e+35 1.005727709497506000e+15 2.791285271057452277e+00
9.345806681386697500e+14 7.500212954099848967e+35 1.014283959530455375e+15 2.814780314787742377e+00
9.389343047914896250e+14 7.720432778269338178e+35 1.022953139789303000e+15 2.837959915402039179e+00
9.432879414443096250e+14 7.945387078175054001e+35 1.031737150819019875e+15 2.860823852187027505e+00
9.476415780971296250e+14 8.175147678962784400e+35 1.040637912328407750e+15 2.883372134086846561e+00
9.519952147499495000e+14 8.409787097916463383e+35 1.049657363278956375e+15 2.905604990597181914e+00
9.563488514027691250e+14 8.649378547652629093e+35 1.058797461973702625e+15 2.927522862699784678e+00
9.607024880555892500e+14 8.893995939315008802e+35 1.068060186146091500e+15 2.949126393857728345e+00
9.650561247084092500e+14 9.143713885768847146e+35 1.077447533048829625e+15 2.970416421090170456e+00
9.694097613612288750e+14 9.398607704795533914e+35 1.086961519542747750e+15 2.991393966143976790e+00
9.737633980140487500e+14 9.658753422287004592e+35 1.096604182185659375e+15 3.012060226778099370e+00
9.781170346668690000e+14 9.924227775440254524e+35 1.106377577321217125e+15 3.032416568175206883e+00
9.824706713196883750e+14 1.019510821595178962e+36 1.116283781167770875e+15 3.052464514493739234e+00
9.868243079725083750e+14 1.047147291321218481e+36 1.126324889907231000e+15 3.072205740572221622e+00
9.911779446253286250e+14 1.075340075750049637e+36 1.136503019773922500e+15 3.091642063796438578e+00
9.955315812781482500e+14 1.104097136317874214e+36 1.146820307143442750e+15 3.110775436138850658e+00
9.998852179309683750e+14 1.133426507188644670e+36 1.157278908621525000e+15 3.129607936378492106e+00
1.004238854583788125e+15 1.163336295573507291e+36 1.167881001132892000e+15 3.148141762508484209e+00
1.008592491236607875e+15 1.193834682050254635e+36 1.178628782010118000e+15 3.166379224337245279e+00
1.012946127889427750e+15 1.224929920882765887e+36 1.189524469082485250e+15 3.184322736288505595e+00
1.017299764542247875e+15 1.256630340340468897e+36 1.200570300764843750e+15 3.201974810404298655e+00
1.021653401195067750e+15 1.288944343017774185e+36 1.211768536146468250e+15 3.219338049554203884e+00
1.026007037847887625e+15 1.321880406153532112e+36 1.223121455079918750e+15 3.236415140853313499e+00
1.030360674500707375e+15 1.355447081950478837e+36 1.234631358269898000e+15 3.253208849290616378e+00
1.034714311153527125e+15 1.389652997894684339e+36 1.246300567362110250e+15 3.269722011568769737e+00
1.039067947806347375e+15 1.424506857075003687e+36 1.258131425032121000e+15 3.285957530155578787e+00
1.043421584459167000e+15 1.460017438502515027e+36 1.270126295074210750e+15 3.301918367546865074e+00
1.047775221111986875e+15 1.496193597429988117e+36 1.282287562490241750e+15 3.317607540739866856e+00
1.052128857764806625e+15 1.533044265671309033e+36 1.294617633578509000e+15 3.333028115915757539e+00
1.056482494417626750e+15 1.570578451920945605e+36 1.307118936022603000e+15 3.348183203329439639e+00
1.060836131070446500e+15 1.608805242073389539e+36 1.319793918980266250e+15 3.363075952404299684e+00
1.065189767723266500e+15 1.647733799542606205e+36 1.332645053172254500e+15 3.377709547029235093e+00
1.069543404376086375e+15 1.687373365581475877e+36 1.345674830971190500e+15 3.392087201054913681e+00
1.073897041028906125e+15 1.727733259601258871e+36 1.358885766490428750e+15 3.406212153985938240e+00
1.078250677681726250e+15 1.768822879491027333e+36 1.372280395672910000e+15 3.420087666865251563e+00
1.082604314334546000e+15 1.810651701937117398e+36 1.385861276380018500e+15 3.433717018346924110e+00
1.086957950987366250e+15 1.853229282742584587e+36 1.399630988480445500e+15 3.447103500953269783e+00
1.091311587640186000e+15 1.896565257146645043e+36 1.413592133939043750e+15 3.460250417511980814e+00
1.095665224293006250e+15 1.940669340144130638e+36 1.427747336905688750e+15 3.473161077768907923e+00
1.100018860945825500e+15 1.985551326804922234e+36 1.442099243804132000e+15 3.485838795171904092e+00
1.104372497598645500e+15 2.031221092593424866e+36 1.456650523420869750e+15 3.498286883821124515e+00
1.108726134251465375e+15 2.077688593687985653e+36 1.471403866993990250e+15 3.510508655581029647e+00
1.113079770904285500e+15 2.124963867300364254e+36 1.486361988302039750e+15 3.522507417349320047e+00
1.117433407557105125e+15 2.173057031995172332e+36 1.501527623752877250e+15 3.534286468477980225e+00
1.121787044209925000e+15 2.221978288009322166e+36 1.516903532472536500e+15 3.545849098341583350e+00
1.126140680862745000e+15 2.271737917571478512e+36 1.532492496394080750e+15 3.557198584048011814e+00
1.130494317515564750e+15 2.322346285221501310e+36 1.548297320346464000e+15 3.568338188286751311e+00
1.134847954168385000e+15 2.373813838129902267e+36 1.564320832143389500e+15 3.579271157309942275e+00
1.139201590821204750e+15 2.426151106417281371e+36 1.580565882672165000e+15 3.590000719041418709e+00
1.143555227474024500e+15 2.479368703473786714e+36 1.597035345982566250e+15 3.600530081308987995e+00
1.147908864126844500e+15 2.533477326278558686e+36 1.613732119375692500e+15 3.610862430195285189e+00
1.152262500779664500e+15 2.588487755719178874e+36 1.630659123492825750e+15 3.621000928502597027e+00
1.156616137432484000e+15 2.644410856911108350e+36 1.647819302404286750e+15 3.630948714327107751e+00
1.160969774085304000e+15 2.701257579517161074e+36 1.665215623698302250e+15 3.640708899738123616e+00
1.165323410738124000e+15 2.759038958066925061e+36 1.682851078569851250e+15 3.650284569557901371e+00
1.169677047390944000e+15 2.817766112276226632e+36 1.700728681909533500e+15 3.659678780237806794e+00
1.174030684043764000e+15 2.877450247366570177e+36 1.718851472392421750e+15 3.668894558826635954e+00
1.178384320696583750e+15 2.938102654384596800e+36 1.737222512566924250e+15 3.677934902026994468e+00
1.182737957349403500e+15 2.999734710521516994e+36 1.755844888943640250e+15 3.686802775335791704e+00
1.187091594002223750e+15 3.062357879432581095e+36 1.774721712084224250e+15 3.695501112264949928e+00
1.191445230655043250e+15 3.125983711556508418e+36 1.793856116690236250e+15 3.704032813638586941e+00
1.195798867307863000e+15 3.190623844434942357e+36 1.813251261692007000e+15 3.712400746963014697e+00
1.200152503960683250e+15 3.256290003031900775e+36 1.832910330337493750e+15 3.720607745866006066e+00
1.204506140613503000e+15 3.322994000053220479e+36 1.852836530281138000e+15 3.728656609601896044e+00
1.208859777266323250e+15 3.390747736266004658e+36 1.873033093672726250e+15 3.736550102619204061e+00
1.213213413919143000e+15 3.459563200818077393e+36 1.893503277246246500e+15 3.744290954187561749e+00
1.217567050571962750e+15 3.529452471557436997e+36 1.914250362408751500e+15 3.751881858080835741e+00
1.221920687224782500e+15 3.600427715351681605e+36 1.935277655329209750e+15 3.759325472313459926e+00
1.226274323877602500e+15 3.672501188407484936e+36 1.956588487027371250e+15 3.766624418927092766e+00
1.230627960530422250e+15 3.745685236590019531e+36 1.978186213462618750e+15 3.773781283824808153e+00
1.234981597183242500e+15 3.819992295742428380e+36 2.000074215622835000e+15 3.780798616650157040e+00
1.239335233836062250e+15 3.895434892005248157e+36 2.022255899613250750e+15 3.787678930708519687e+00
1.243688870488882000e+15 3.972025642135893838e+36 2.044734696745317750e+15 3.794424702928275384e+00
1.248042507141701750e+15 4.049777253828064815e+36 2.067514063625551500e+15 3.801038373859420449e+00
1.252396143794521750e+15 4.128702526031225970e+36 2.090597482244401500e+15 3.807522347707359422e+00
1.256749780447341750e+15 4.208814349270039178e+36 2.113988460065103500e+15 3.813878992399676982e+00
1.261103417100161500e+15 4.290125705963807189e+36 2.137690530112539000e+15 3.820110639683814924e+00
1.265457053752981750e+15 4.372649670745955890e+36 2.161707251062099750e+15 3.826219585253649136e+00
1.269810690405801250e+15 4.456399410783420351e+36 2.186042207328533000e+15 3.832208088903039211e+00
1.274164327058621250e+15 4.541388186096166628e+36 2.210699009154817750e+15 3.838078374704552598e+00
1.278517963711441000e+15 4.627629349876584892e+36 2.235681292701008250e+15 3.843832631211585138e+00
1.282871600364260750e+15 4.715136348808959290e+36 2.260992720133099500e+15 3.849473011682235768e+00
1.287225237017081250e+15 4.803922723388927187e+36 2.286636979711889000e+15 3.855001634323336202e+00
1.291578873669900750e+15 4.894002108242889995e+36 2.312617785881822500e+15 3.860420582553120372e+00
1.295932510322720500e+15 4.985388232447496617e+36 2.338938879359865500e+15 3.865731905281104108e+00
1.300286146975540500e+15 5.078094919849093237e+36 2.365604027224361500e+15 3.870937617203785930e+00
1.304639783628360250e+15 5.172136089383145965e+36 2.392617023003879500e+15 3.876039699114873560e+00
1.308993420281180250e+15 5.267525755393709513e+36 2.419981686766085000e+15 3.881040098228811797e+00
1.313347056934000250e+15 5.364278027952866960e+36 2.447701865206590500e+15 3.885940728516398934e+00
1.317700693586820000e+15 5.462407113180167736e+36 2.475781431737813000e+15 3.890743471051420155e+00
1.322054330239640500e+15 5.561927313562120504e+36 2.504224286577846000e+15 3.895450174367188989e+00
1.326407966892460000e+15 5.662853028271565633e+36 2.533034356839296000e+15 3.900062654822052721e+00
1.330761603545279750e+15 5.765198753487206445e+36 2.562215596618164000e+15 3.904582696972858979e+00
1.335115240198099750e+15 5.868979082712997030e+36 2.591771987082687500e+15 3.909012053955512656e+00
1.339468876850919250e+15 5.974208707097613878e+36 2.621707536562205000e+15 3.913352447871775830e+00
1.343822513503739750e+15 6.080902415753925159e+36 2.652026280636022500e+15 3.917605570181508234e+00
1.348176150156559500e+15 6.189075096078367899e+36 2.682732282222247500e+15 3.921773082099560881e+00
1.352529786809379500e+15 6.298741734070499906e+36 2.713829631666684000e+15 3.925856614996680705e+00
1.356883423462199000e+15 6.409917414652350976e+36 2.745322446831654000e+15 3.929857770803670824e+00
1.361237060115019250e+15 6.522617321987935852e+36 2.777214873184884000e+15 3.933778122418234435e+00
1.365590696767839000e+15 6.636856739802671549e+36 2.809511083888349000e+15 3.937619214113890820e+00
1.369944333420658750e+15 6.752651051702838364e+36 2.842215279887134500e+15 3.941382561950395935e+00
1.374297970073478750e+15 6.870015741495027899e+36 2.875331689998300000e+15 3.945069654185151986e+00
1.378651606726299000e+15 6.988966393505585180e+36 2.908864570999728500e+15 3.948681951685129921e+00
1.383005243379118750e+15 7.109518692900035429e+36 2.942818207718984500e+15 3.952220888338811022e+00
1.387358880031938250e+15 7.231688426002597017e+36 2.977196913122189500e+15 3.955687871467761241e+00
1.391712516684758250e+15 7.355491480615563378e+36 3.012005028402862000e+15 3.959084282237399943e+00
1.396066153337578250e+15 7.480943846338782904e+36 3.047246923070781000e+15 3.962411476066611371e+00
1.400419789990398250e+15 7.608061614889122314e+36 3.082926995040855500e+15 3.965670783035852409e+00
1.404773426643218000e+15 7.736860980419846206e+36 3.119049670721960000e+15 3.968863508293414277e+00
1.409127063296037750e+15 7.867358239840164248e+36 3.155619405105819500e+15 3.971990932459561030e+00
1.413480699948858000e+15 7.999569793134600099e+36 3.192640681855848000e+15 3.975054312028252212e+00
1.417834336601678000e+15 8.133512143682474850e+36 3.230118013396016500e+15 3.978054879766194762e+00
1.422187973254497250e+15 8.269201898577356228e+36 3.268055940999712000e+15 3.980993845109000340e+00
1.426541609907317250e+15 8.406655768946488911e+36 3.306459034878590000e+15 3.983872394554207386e+00
1.430895246560137250e+15 8.545890570270274422e+36 3.345331894271443000e+15 3.986691692050986280e+00
1.435248883212957500e+15 8.686923222701680197e+36 3.384679147533047000e+15 3.989452879386335749e+00
1.439602519865777000e+15 8.829770751385688784e+36 3.424505452223021000e+15 3.992157076567611984e+00
1.443956156518597000e+15 8.974450286778816703e+36 3.464815495194705000e+15 3.994805382201223942e+00
