4.813187188395323750e+14 1.670587204117302346e+21 4.305991119080547500e+14 9.423076923077186029e-01
4.849467493835490625e+14 2.822039367565598849e+33 4.338565353415516250e+14 9.855944618202152618e-01
4.885747799275654375e+14 5.793374854439241587e+33 4.371380666912778750e+14 1.029378044322033725e+00
4.922028104715821250e+14 8.918329901578018411e+33 4.404447782472550000e+14 1.073622857120755336e+00
4.958308410155985625e+14 1.220129964835068364e+34 4.437777622433142500e+14 1.118292576201528554e+00
4.994588715596152500e+14 1.564675146495401762e+34 4.471381310051966875e+14 1.163350246093801887e+00
5.030869021036318750e+14 1.925922548482540361e+34 4.505270170986487500e+14 1.208758391760515583e+00
5.067149326476483125e+14 2.304333513705825579e+34 4.539455734775203750e+14 1.254479131811820247e+00
5.103429631916650000e+14 2.700376767881523489e+34 4.573949736318638750e+14 1.300474292342249649e+00
5.139709937356815000e+14 3.114528472774195030e+34 4.608764117360296875e+14 1.346705520694562175e+00
5.175990242796981250e+14 3.547272279438180815e+34 4.643911027967651250e+14 1.393134398464902501e+00
5.212270548237146250e+14 3.999099381458920392e+34 4.679402828013118125e+14 1.439722553082074974e+00
5.248550853677312500e+14 4.470508568194372025e+34 4.715252088655032500e+14 1.486431767318549646e+00
5.284831159117478750e+14 4.962006278016416804e+34 4.751471593818618125e+14 1.533224086121460550e+00
5.321111464557643750e+14 5.474106651552234622e+34 4.788074341676973750e+14 1.580061920188029267e+00
5.357391769997810625e+14 6.007331584925762240e+34 4.825073546132045000e+14 1.626908145750798118e+00
5.393672075437976250e+14 6.562210782998957659e+34 4.862482638295596250e+14 1.673726200083139437e+00
5.429952380878140625e+14 7.139281812613341660e+34 4.900315267970188750e+14 1.720480172284065468e+00
5.466232686318307500e+14 7.739090155831358558e+34 4.938585305130167500e+14 1.767134888952502481e+00
5.502512991758473125e+14 8.362189263177637348e+34 4.977306841402616875e+14 1.813655994414364425e+00
5.538793297198638125e+14 9.009140606880616255e+34 5.016494191548353125e+14 1.860010025220126151e+00
5.575073602638805000e+14 9.680513734113782663e+34 5.056161894942896250e+14 1.906164478685324459e+00
5.611353908078970000e+14 1.037688632023702281e+35 5.096324717057441250e+14 1.952087875301079967e+00
5.647634213519137500e+14 1.109884422203823617e+35 5.136997650939840625e+14 1.997749814895428910e+00
5.683914518959301250e+14 1.184698153097449609e+35 5.178195918695573125e+14 2.043121026478446733e+00
5.720194824399467500e+14 1.262190062641363098e+35 5.219934972968734375e+14 2.088173411754462361e+00
5.756475129839632500e+14 1.342421222887544025e+35 5.262230498422991250e+14 2.132880082332291760e+00
5.792755435279798750e+14 1.425453545327321281e+35 5.305098413222575000e+14 2.177215390709297704e+00
5.829035740719966250e+14 1.511349786215520123e+35 5.348554870513253750e+14 2.221154955146594556e+00
5.865316046160131250e+14 1.600173551894575291e+35 5.392616259903301875e+14 2.264675678590714725e+00
5.901596351600296250e+14 1.691989304118695393e+35 5.437299208944483750e+14 2.307755761831379981e+00
5.937876657040461250e+14 1.786862365377998153e+35 5.482620584613028125e+14 2.350374711115355897e+00
5.974156962480628750e+14 1.884858924222631639e+35 5.528597494790600000e+14 2.392513340462810500e+00
6.010437267920792500e+14 1.986046040586945293e+35 5.575247289745280625e+14 2.434153768955128250e+00
6.046717573360958750e+14 2.090491651113596399e+35 5.622587563612543750e+14 2.475279413281581853e+00
6.082997878801125000e+14 2.198264574477719458e+35 5.670636155876231250e+14 2.515874975847085082e+00
6.119278184241290000e+14 2.309434516711040588e+35 5.719411152849523750e+14 2.555926428754155211e+00
6.155558489681456250e+14 2.424072076526029924e+35 5.768930889155927500e+14 2.595420993979826729e+00
6.191838795121622500e+14 2.542248750640051438e+35 5.819213949210241250e+14 2.634347120072311199e+00
6.228119100561788750e+14 2.664036939099473648e+35 5.870279168699535000e+14 2.672694455693368276e+00
6.264399406001953750e+14 2.789509950603835306e+35 5.922145636064125000e+14 2.710453820330544161e+00
6.300679711442118750e+14 2.918742007829981559e+35 5.974832693978556250e+14 2.747617172499124738e+00
6.336960016882286250e+14 3.051808252756182416e+35 6.028359940832570000e+14 2.784177575746931588e+00
6.373240322322451250e+14 3.188784751986308384e+35 6.082747232212086250e+14 2.820129162766509712e+00
6.409520627762616250e+14 3.329748502073931224e+35 6.138014682380170000e+14 2.855467097908668705e+00
6.445800933202782500e+14 3.474777434846492955e+35 6.194182665758025000e+14 2.890187538379479726e+00
6.482081238642948750e+14 3.623950422729430209e+35 6.251271818405948750e+14 2.924287594389584299e+00
6.518361544083115000e+14 3.777347284070317049e+35 6.309303039504326250e+14 2.957765288510477042e+00
6.554641849523280000e+14 3.935048788463019944e+35 6.368297492834593750e+14 2.990619514477489194e+00
6.590922154963445000e+14 4.097136662071799266e+35 6.428276608260223750e+14 3.022849995663634104e+00
6.627202460403610000e+14 4.263693592955485294e+35 6.489262083207691250e+14 3.054457243432750158e+00
6.663482765843776250e+14 4.434803236391617342e+35 6.551275884147467500e+14 3.085442515564207788e+00
6.699763071283943750e+14 4.610550220200543026e+35 6.614340248074968750e+14 3.115807774925580365e+00
6.736043376724108750e+14 4.791020150069615682e+35 6.678477683991558750e+14 3.145555648553767458e+00
6.772323682164273750e+14 4.976299614877286256e+35 6.743710974385508750e+14 3.174689387289487019e+00
6.808603987604441250e+14 5.166476192017268252e+35 6.810063176712983750e+14 3.203212826094907761e+00
6.844884293044606250e+14 5.361638452722669474e+35 6.877557624879006250e+14 3.231130345169497708e+00
6.881164598484772500e+14 5.561875967390131881e+35 6.946217930718445000e+14 3.258446831965029489e+00
6.917444903924940000e+14 5.767279310903969230e+35 7.016067985476983750e+14 3.285167644187243940e+00
6.953725209365102500e+14 5.977940067960313578e+35 7.087131961292093750e+14 3.311298573858843408e+00
6.990005514805270000e+14 6.193950838391249971e+35 7.159434312674032500e+14 3.336845812506382902e+00
7.026285820245435000e+14 6.415405242488957040e+35 7.232999777986780000e+14 3.361815917522374964e+00
7.062566125685598750e+14 6.642397926329835054e+35 7.307853380929048750e+14 3.386215779743246834e+00
7.098846431125766250e+14 6.875024567098681194e+35 7.384020432015255000e+14 3.410052592274060324e+00
7.135126736565932500e+14 7.113381878412785136e+35 7.461526530056476250e+14 3.433333820581809803e+00
7.171407042006098750e+14 7.357567615646092525e+35 7.540397563641442500e+14 3.456067173870833731e+00
7.207687347446265000e+14 7.607680581253342615e+35 7.620659712617511250e+14 3.478260577746335347e+00
7.243967652886428750e+14 7.863820630094202224e+35 7.702339449571640000e+14 3.499922148165126590e+00
7.280247958326593750e+14 8.126088674757413710e+35 7.785463541311363750e+14 3.521060166666584834e+00
7.316528263766761250e+14 8.394586690884926709e+35 7.870059050345773750e+14 3.541683056871320456e+00
7.352808569206926250e+14 8.669417722496041684e+35 7.956153336366487500e+14 3.561799362230151367e+00
7.389088874647092500e+14 8.950685887311535762e+35 8.043774057728626250e+14 3.581417725001767582e+00
7.425369180087258750e+14 9.238496382077854980e+35 8.132949172931800000e+14 3.600546866433715909e+00
7.461649485527425000e+14 9.532955487891158958e+35 8.223706942101067500e+14 3.619195568118157347e+00
7.497929790967588750e+14 9.834170575521551511e+35 8.316075928467926250e+14 3.637372654491188850e+00
7.534210096407755000e+14 1.014225011073717993e+36 8.410084999851286250e+14 3.655086976442226021e+00
7.570490401847921250e+14 1.045730365962838147e+36 8.505763330138442500e+14 3.672347395998179831e+00
7.606770707288086250e+14 1.077944189393179150e+36 8.603140400766042500e+14 3.689162772045659011e+00
7.643051012728252500e+14 1.110877659635455638e+36 8.702246002201083750e+14 3.705541947053404783e+00
7.679331318168417500e+14 1.144542066589839881e+36 8.803110235421872500e+14 3.721493734756325722e+00
7.715611623608586250e+14 1.178948812318380122e+36 8.905763513399011250e+14 3.737026908762104860e+00
7.751891929048748750e+14 1.214109411577410949e+36 9.010236562576348750e+14 3.752150192040998977e+00
7.788172234488915000e+14 1.250035492349974139e+36 9.116560424352006250e+14 3.766872247259609896e+00
7.824452539929082500e+14 1.286738796378221947e+36 9.224766456559301250e+14 3.781201667919461329e+00
7.860732845369246250e+14 1.324231179695841054e+36 9.334886334947748750e+14 3.795146970261725983e+00
7.897013150809413750e+14 1.362524613160462788e+36 9.446952054664046250e+14 3.808716585899910356e+00
7.933293456249578750e+14 1.401631182986076001e+36 9.560995931733022500e+14 3.821918855143013438e+00
7.969573761689743750e+14 1.441563091275438035e+36 9.677050604538633750e+14 3.834762020972489971e+00
8.005854067129911250e+14 1.482332656552499549e+36 9.795149035304945000e+14 3.847254223637192272e+00
8.042134372570076250e+14 1.523952314294807956e+36 9.915324511577080000e+14 3.859403495831482900e+00
8.078414678010240000e+14 1.566434617465921188e+36 1.003761064770221875e+15 3.871217758422722532e+00
8.114694983450406250e+14 1.609792237047831787e+36 1.016204138631057625e+15 3.882704816695451644e+00
8.150975288890573750e+14 1.654037962573374770e+36 1.028865099979637250e+15 3.893872357080681024e+00
8.187255594330737500e+14 1.699184702658631653e+36 1.041747409179877875e+15 3.904727944339914547e+00
8.223535899770903750e+14 1.745245485535363988e+36 1.054854559868294875e+15 3.915279019174668917e+00
8.259816205211071250e+14 1.792233459583414733e+36 1.068190079102096750e+15 3.925532896233458136e+00
8.296096510651236250e+14 1.840161893863122017e+36 1.081757527507280750e+15 3.935496762489410827e+00
8.332376816091398750e+14 1.889044178647737920e+36 1.095560499426733500e+15 3.945177675962879160e+00
8.368657121531566250e+14 1.938893825955844009e+36 1.109602623068329375e+15 3.954582564764540731e+00
8.404937426971733750e+14 1.989724470083755659e+36 1.123887560653023125e+15 3.963718226435716030e+00
8.441217732411901250e+14 2.041549868137942014e+36 1.138419008562952250e+15 3.972591327563733898e+00
8.477498037852068750e+14 2.094383900567447424e+36 1.153200697489533000e+15 3.981208403651277816e+00
8.513778343292230000e+14 2.148240571696288095e+36 1.168236392581556250e+15 3.989575859219789411e+00
8.550058648732395000e+14 2.203134010255883263e+36 1.183529893593290500e+15 3.997699968128021641e+00
8.586338954172562500e+14 2.259078469917463941e+36 1.199085035032573750e+15 4.005586874087902594e+00
8.622619259612728750e+14 2.316088329824471931e+36 1.214905686308911250e+15 4.013242591360842049e+00
8.658899565052896250e+14 2.374178095125003096e+36 1.230995751881578250e+15 4.020673005618598417e+00
8.695179870493058750e+14 2.433362397504190728e+36 1.247359171407711750e+15 4.027883874953733567e+00
8.731460175933225000e+14 2.493655995716645583e+36 1.263999919890413750e+15 4.034880831025609460e+00
8.767740481373392500e+14 2.555073776118845141e+36 1.280922007826842250e+15 4.041669380328696271e+00
8.804020786813555000e+14 2.617630753201571877e+36 1.298129481356314750e+15 4.048254905570813911e+00
8.840301092253723750e+14 2.681342070122314619e+36 1.315626422408405250e+15 4.054642667149709112e+00
8.876581397693891250e+14 2.746222999237673762e+36 1.333416948851035250e+15 4.060837804717114530e+00
8.912861703134056250e+14 2.812288942635792145e+36 1.351505214638579000e+15 4.066845338820154865e+00
8.949142008574218750e+14 2.879555432668762620e+36 1.369895409959959250e+15 4.072670172610647121e+00
8.985422314014386250e+14 2.948038132485043587e+36 1.388591761386744250e+15 4.078317093613477162e+00
9.021702619454550000e+14 3.017752836561859182e+36 1.407598532021241500e+15 4.083790775545881324e+00
9.057982924894717500e+14 3.088715471237639010e+36 1.426920021644603750e+15 4.089095780180005413e+00
9.094263230334882500e+14 3.160942095244406536e+36 1.446560566864917250e+15 4.094236559241680062e+00
9.130543535775048750e+14 3.234448900240214089e+36 1.466524541265308000e+15 4.099217456338889676e+00
9.166823841215213750e+14 3.309252211341535385e+36 1.486816355552031750e+15 4.104042708913866910e+00
9.203104146655381250e+14 3.385368487655705848e+36 1.507440457702578000e+15 4.108716450213258931e+00
9.239384452095547500e+14 3.462814322813305093e+36 1.528401333113762000e+15 4.113242711271192675e+00
9.275664757535710000e+14 3.541606445500601974e+36 1.549703504749827000e+15 4.117625422900536236e+00
9.311945062975877500e+14 3.621761719991951230e+36 1.571351533290540750e+15 4.121868417687972297e+00
9.348225368416042500e+14 3.703297146682199577e+36 1.593350017279289000e+15 4.125975431988956998e+00
9.384505673856210000e+14 3.786229862619129575e+36 1.615703593271180250e+15 4.129950107918882729e+00
9.420785979296375000e+14 3.870577142035832663e+36 1.638416935981135500e+15 4.133795995337126605e+00
9.457066284736540000e+14 3.956356396883168379e+36 1.661494758431994250e+15 4.137516553821008358e+00
9.493346590176705000e+14 4.043585177362129715e+36 1.684941812102603000e+15 4.141115154626855421e+00
9.529626895616871250e+14 4.132281172456310010e+36 1.708762887075922500e+15 4.144595082635760264e+00
9.565907201057038750e+14 4.222462210464260050e+36 1.732962812187115750e+15 4.147959538281749126e+00
9.602187506497206250e+14 4.314146259531959674e+36 1.757546455171654750e+15 4.151211639460387737e+00
9.638467811937367500e+14 4.407351428185180189e+36 1.782518722813408000e+15 4.154354423416021902e+00
9.674748117377533750e+14 4.502095965861931778e+36 1.807884561092749250e+15 4.157390848606054234e+00
9.711028422817701250e+14 4.598398263444868411e+36 1.833648955334647250e+15 4.160323796540859931e+00
9.747308728257868750e+14 4.696276853793709873e+36 1.859816930356769000e+15 4.163156073598081264e+00
9.783589033698035000e+14 4.795750412277613027e+36 1.886393550617565000e+15 4.165890412810252741e+00
9.819869339138197500e+14 4.896837757307657595e+36 1.913383920364385750e+15 4.168529475624773717e+00
9.856149644578362500e+14 4.999557850869193218e+36 1.940793183781564000e+15 4.171075853635481501e+00
9.892429950018530000e+14 5.103929799054299267e+36 1.968626525138520000e+15 4.173532070285109974e+00
9.928710255458696250e+14 5.209972852594174990e+36 1.996889168937856250e+15 4.175900582538097261e+00
9.964990560898858750e+14 5.317706407391560954e+36 2.025586380063456750e+15 4.178183782523278822e+00
1.000127086633902625e+15 5.427150005053164613e+36 2.054723463928585750e+15 4.180383999146125795e+00
1.003755117177919250e+15 5.538323333422028622e+36 2.084305766623975750e+15 4.182503499670247926e+00
1.007383147721936000e+15 5.651246227110001860e+36 2.114338675065939250e+15 4.184544491267984334e+00
1.011011178265952375e+15 5.765938668030127808e+36 2.144827617144458000e+15 4.186509122539991523e+00
1.014639208809968750e+15 5.882420785929057137e+36 2.175778061871282750e+15 4.188399485003764688e+00
1.018267239353985500e+15 6.000712858919463832e+36 2.207195519528030000e+15 4.190217614551142944e+00
1.021895269898002250e+15 6.120835314012471943e+36 2.239085541814282500e+15 4.191965492874859756e+00
1.025523300442018750e+15 6.242808727650028026e+36 2.271453721995678500e+15 4.193645048864300229e+00
1.029151330986035500e+15 6.366653826237375125e+36 2.304305695052021500e+15 4.195258159970616241e+00
1.032779361530052125e+15 6.492391486675412218e+36 2.337647137825366500e+15 4.196806653541447218e+00
1.036407392074068250e+15 6.620042736893151675e+36 2.371483769168126500e+15 4.198292308125500583e+00
1.040035422618084875e+15 6.749628756380102318e+36 2.405821350091166000e+15 4.199716854747290284e+00
1.043663453162101375e+15 6.881170876718700899e+36 2.440665683911898500e+15 4.201081978152359397e+00
1.047291483706118125e+15 7.014690582116728225e+36 2.476022616402387000e+15 4.202389318023334042e+00
1.050919514250134625e+15 7.150209509939678057e+36 2.511898035937430000e+15 4.203640470167209209e+00
1.054547544794151375e+15 7.287749451243252340e+36 2.548297873642679500e+15 4.204836987674239523e+00
1.058175575338168000e+15 7.427332351305698224e+36 2.585228103542720000e+15 4.205980382048869259e+00
1.061803605882184375e+15 7.568980310160271417e+36 2.622694742709177000e+15 4.207072124313126160e+00
1.065431636426200750e+15 7.712715583127634600e+36 2.660703851408810500e+15 4.208113646082935588e+00
1.069059666970217375e+15 7.858560581348259384e+36 2.699261533251613500e+15 4.209106340617803532e+00
1.072687697514234250e+15 8.006537872314871955e+36 2.738373935338912000e+15 4.210051563844338318e+00
1.076315728058250875e+15 8.156670180404811346e+36 2.778047248411452500e+15 4.210950635354098637e+00
1.079943758602267375e+15 8.308980387412491607e+36 2.818287706997509000e+15 4.211804839376230625e+00
1.083571789146283875e+15 8.463491533081817930e+36 2.859101589560984000e+15 4.212615425725385165e+00
1.087199819690300375e+15 8.620226815638570902e+36 2.900495218649498000e+15 4.213383610725422557e+00
1.090827850234316750e+15 8.779209592322836793e+36 2.942474961042488500e+15 4.214110578109369065e+00
1.094455880778334000e+15 8.940463379921440212e+36 2.985047227899316000e+15 4.214797479896127186e+00
1.098083911322350125e+15 9.104011855300278772e+36 3.028218474907337000e+15 4.215445437244453863e+00
1.101711941866366875e+15 9.269878855936861998e+36 3.071995202430041000e+15 4.216055541284642771e+00
1.105339972410383625e+15 9.438088380452607028e+36 3.116383955655109500e+15 4.216628853928461318e+00
1.108968002954399875e+15 9.608664589145337386e+36 3.161391324742538000e+15 4.217166408657786469e+00
1.112596033498416250e+15 9.781631804521651878e+36 3.207023944972726500e+15 4.217669211292423448e+00
1.116224064042432750e+15 9.957014511829351348e+36 3.253288496894573500e+15 4.218138240737610900e+00
1.119852094586449750e+15 1.013483735958986779e+37 3.300191706473585500e+15 4.218574449711657515e+00
1.123480125130466250e+15 1.031512516013061198e+37 3.347740345239946500e+15 4.218978765454187041e+00
1.127108155674483000e+15 1.049790289011749591e+37 3.395941230436655000e+15 4.219352090415456225e+00
1.130736186218499500e+15 1.068319569108724376e+37 3.444801225167588000e+15 4.219695302927199521e+00
1.134364216762516000e+15 1.087102886997988246e+37 3.494327238545621000e+15 4.220009257855450002e+00
1.137992247306532500e+15 1.106142789967110587e+37 3.544526225840712000e+15 4.220294787235762790e+00
1.141620277850548750e+15 1.125441841950471801e+37 3.595405188628006000e+15 4.220552700891321507e+00
1.145248308394565750e+15 1.145002623582504689e+37 3.646971174935934000e+15 4.220783787034286583e+00
1.148876338938582250e+15 1.164827732250929919e+37 3.699231279394295000e+15 4.220988812850874794e+00
1.152504369482598750e+15 1.184919782150005196e+37 3.752192643382373000e+15 4.221168525070541300e+00
1.156132400026615250e+15 1.205281404333764753e+37 3.805862455177030500e+15 4.221323650519681614e+00
1.159760430570631750e+15 1.225915246769259304e+37 3.860247950100800500e+15 4.221454896660242539e+00
1.163388461114648500e+15 1.246823974389796009e+37 3.915356410669984000e+15 4.221562952113663059e+00
1.167016491658665250e+15 1.268010269148186462e+37 3.971195166742760500e+15 4.221648487170480912e+00
1.170644522202681750e+15 1.289476830069973659e+37 4.027771595667250500e+15 4.221712154286014318e+00
1.174272552746698500e+15 1.311226373306693923e+37 4.085093122429667500e+15 4.221754588562468768e+00
1.177900583290715000e+15 1.333261632189099151e+37 4.143167219802362500e+15 4.221776408217835730e+00
1.181528613834731250e+15 1.355585357280411412e+37 4.202001408491960000e+15 4.221778215041929627e+00
1.185156644378748000e+15 1.378200316429557719e+37 4.261603257287435000e+15 4.221760594839897074e+00
1.188784674922764250e+15 1.401109294824413520e+37 4.321980383208215500e+15 4.221724117863558057e+00
1.192412705466781250e+15 1.424315095045045737e+37 4.383140451652290500e+15 4.221669339230874840e+00
1.196040736010798000e+15 1.447820537116945637e+37 4.445091176544277500e+15 4.221596799333892314e+00
1.199668766554814500e+15 1.471628458564281070e+37 4.507840320483553000e+15 4.221507024235447325e+00
1.203296797098831000e+15 1.495741714463134543e+37 4.571395694892342000e+15 4.221400526054968516e+00
