5.775824626074387500e+14 1.423630834813005464e+21 5.410643456167748750e+14 5.399449035812855513e-01
5.819360992602587500e+14 2.031868344647504171e+33 5.451511451500205625e+14 5.664928728224338794e-01
5.862897359130785000e+14 4.171229895196462391e+33 5.492553023829515000e+14 5.935465362859878580e-01
5.906433725658985000e+14 6.421197529136422564e+33 5.533775893643829375e+14 6.210960536836996893e-01
5.949970092187183750e+14 8.784935746812798760e+33 5.575187925026737500e+14 6.491309079292875150e-01
5.993506458715381250e+14 1.126566105476711230e+34 5.616797126723568750e+14 6.776399195326684444e-01
6.037042825243581250e+14 1.386664234907459783e+34 5.658611653207703750e+14 7.066112630489282953e-01
6.080579191771780000e+14 1.659120129868226569e+34 5.700639805746860000e+14 7.360324855391368049e-01
6.124115558299980000e+14 1.944271272874727672e+34 5.742890033469412500e+14 7.658905269887532619e-01
6.167651924828178750e+14 2.242460500397448460e+34 5.785370934430686250e+14 7.961717426181824653e-01
6.211188291356377500e+14 2.554036041195524074e+34 5.828091256679260000e+14 8.268619270092909534e-01
6.254724657884577500e+14 2.879351554650464262e+34 5.871059899323277500e+14 8.579463399612161645e-01
6.298261024412776250e+14 3.218766169099982907e+34 5.914285913596735000e+14 8.894097339790189016e-01
6.341797390940973750e+14 3.572644520171861217e+34 5.957778503925795000e+14 9.212363832894057136e-01
6.385333757469172500e+14 3.941356789117651115e+34 6.001547028995090000e+14 9.534101142691836506e-01
6.428870123997372500e+14 4.325278741146580172e+34 6.045601002814022500e+14 9.859143371643686038e-01
6.472406490525570000e+14 4.724791763759296037e+34 6.089950095783057500e+14 1.018732078970817190e+00
6.515942857053770000e+14 5.140282905081660229e+34 6.134604135760045000e+14 1.051846017341285355e+00
6.559479223581968750e+14 5.572144912198612473e+34 6.179573109126508750e+14 1.085238515378647017e+00
6.603015590110166250e+14 6.020776269487945118e+34 6.224867161853950000e+14 1.118891657170906218e+00
6.646551956638365000e+14 6.486581236954097384e+34 6.270496600570160000e+14 1.152787283920552630e+00
6.690088323166566250e+14 6.969969888561974504e+34 6.316471893625512500e+14 1.186907030518731698e+00
6.733624689694763750e+14 7.471358150570712461e+34 6.362803672159263750e+14 1.221232362413707806e+00
6.777161056222965000e+14 7.991167839867597665e+34 6.409502731165872500e+14 1.255744612623127532e+00
6.820697422751162500e+14 8.529826702301702560e+34 6.456580030561280000e+14 1.290425018740634533e+00
6.864233789279360000e+14 9.087768451017869868e+34 6.504046696249233750e+14 1.325254759789514125e+00
6.907770155807558750e+14 9.665432804790375864e+34 6.551914021187577500e+14 1.360214992778994381e+00
6.951306522335758750e+14 1.026326552635677719e+35 6.600193466454558750e+14 1.395286888822904858e+00
6.994842888863957500e+14 1.088171846075180473e+35 6.648896662315127500e+14 1.430451668685140509e+00
7.038379255392156250e+14 1.152124957364101300e+35 6.698035409287241250e+14 1.465690637622080406e+00
7.081915621920353750e+14 1.218232298965468792e+35 6.747621679208170000e+14 1.500985219398509152e+00
7.125451988448553750e+14 1.286540903072164927e+35 6.797667616300802500e+14 1.536316989360643204e+00
7.168988354976753750e+14 1.357098425440302934e+35 6.848185538239935000e+14 1.571667706457539504e+00
7.212524721504952500e+14 1.429953149222609200e+35 6.899187937218585000e+14 1.607019344110344417e+00
7.256061088033151250e+14 1.505153988801798180e+35 6.950687481014295000e+14 1.642354119837452053e+00
7.299597454561350000e+14 1.582750493623966303e+35 7.002697014055427500e+14 1.677654523552601473e+00
7.343133821089547500e+14 1.662792852031958388e+35 7.055229558487477500e+14 1.712903344462125110e+00
7.386670187617747500e+14 1.745331895098751035e+35 7.108298315239368750e+14 1.748083696496995465e+00
7.430206554145947500e+14 1.830419100460845609e+35 7.161916665089755000e+14 1.783179042224763977e+00
7.473742920674145000e+14 1.918106596151631711e+35 7.216098169733323750e+14 1.818173215195957759e+00
7.517279287202343750e+14 2.008447164434771116e+35 7.270856572847108750e+14 1.853050440688980505e+00
7.560815653730545000e+14 2.101494245637596477e+35 7.326205801156781250e+14 1.887795354826792504e+00
7.604352020258742500e+14 2.197301941984463544e+35 7.382159965502950000e+14 1.922393022047719446e+00
7.647888386786941250e+14 2.295925021430154654e+35 7.438733361907481250e+14 1.956828950921604582e+00
7.691424753315140000e+14 2.397418921493240915e+35 7.495940472639781250e+14 1.991089108310916789e+00
7.734961119843337500e+14 2.501839753089486438e+35 7.553795967283115000e+14 2.025159931884598308e+00
7.778497486371538750e+14 2.609244304365203136e+35 7.612314703800901250e+14 2.059028341000060713e+00
7.822033852899736250e+14 2.719690044530641675e+35 7.671511729603011250e+14 2.092681745976005203e+00
7.865570219427933750e+14 2.833235127693387228e+35 7.731402282612081250e+14 2.126108055785443707e+00
7.909106585956132500e+14 2.949938396691709845e+35 7.792001792329815000e+14 2.159295684204507459e+00
7.952642952484333750e+14 3.069859386927963520e+35 7.853325880903275000e+14 2.192233554458348888e+00
7.996179319012532500e+14 3.193058330201977148e+35 7.915390364191192500e+14 2.224911102410532582e+00
8.039715685540733750e+14 3.319596158544406740e+35 7.978211252830276250e+14 2.257318278346911455e+00
8.083252052068931250e+14 3.449534508050140764e+35 8.041804753301497500e+14 2.289445547409016068e+00
8.126788418597126250e+14 3.582935722711661216e+35 8.106187268996420000e+14 2.321283888735451661e+00
8.170324785125328750e+14 3.719862858252450437e+35 8.171375401283483750e+14 2.352824793372743528e+00
8.213861151653526250e+14 3.860379685960338166e+35 8.237385950574297500e+14 2.384060261019441462e+00
8.257397518181727500e+14 4.004550696520909092e+35 8.304235917389975000e+14 2.414982795669260884e+00
8.300933884709926250e+14 4.152441103850873518e+35 8.371942503427401250e+14 2.445585400220343875e+00
8.344470251238125000e+14 4.304116848931446879e+35 8.440523112625563750e+14 2.475861570118740307e+00
8.388006617766322500e+14 4.459644603641719665e+35 8.509995352231835000e+14 2.505805286104634266e+00
8.431542984294523750e+14 4.619091774592066453e+35 8.580377033868296250e+14 2.535411006129969280e+00
8.475079350822721250e+14 4.782526506957503287e+35 8.651686174598008750e+14 2.564673656515733757e+00
8.518615717350920000e+14 4.950017688311073097e+35 8.723940997991356250e+14 2.593588622416573397e+00
8.562152083879117500e+14 5.121634952457225958e+35 8.797159935192313750e+14 2.622151737659330184e+00
8.605688450407315000e+14 5.297448683265205980e+35 8.871361625984767500e+14 2.650359274020831712e+00
8.649224816935515000e+14 5.477530018502433039e+35 8.946564919858820000e+14 2.678207930008691395e+00
8.692761183463715000e+14 5.661950853667843930e+35 9.022788877077071250e+14 2.705694819207043800e+00
8.736297549991913750e+14 5.850783845825362634e+35 9.100052769740952500e+14 2.732817458247194242e+00
8.779833916520112500e+14 6.044102417437169160e+35 9.178376082857008750e+14 2.759573754460858286e+00
8.823370283048311250e+14 6.241980760197170555e+35 9.257778515403201250e+14 2.785961993271471648e+00
8.866906649576508750e+14 6.444493838864332460e+35 9.338279981395220000e+14 2.811980825376474868e+00
8.910443016104710000e+14 6.651717395096081500e+35 9.419900610952786250e+14 2.837629253770968862e+00
8.953979382632908750e+14 6.863727951281664141e+35 9.502660751365938750e+14 2.862906620660502277e+00
8.997515749161105000e+14 7.080602814375540227e+35 9.586580968161352500e+14 2.887812594308085679e+00
9.041052115689307500e+14 7.302420079730801602e+35 9.671682046168656250e+14 2.912347155857772485e+00
9.084588482217506250e+14 7.529258634932459394e+35 9.757984990586687500e+14 2.936510586174468695e+00
9.128124848745702500e+14 7.761198163630920930e+35 9.845511028049837500e+14 2.960303452736906760e+00
9.171661215273902500e+14 7.998319149375310224e+35 9.934281607694348750e+14 2.983726596618026861e+00
9.215197581802103750e+14 8.240702879446885864e+35 1.002431840222460000e+15 3.006781119584353235e+00
9.258733948330298750e+14 8.488431448692360020e+35 1.011564330897941125e+15 3.029468371343353894e+00
9.302270314858498750e+14 8.741587763357388645e+35 1.020827845099837750e+15 3.051789936965247030e+00
9.345806681386697500e+14 9.000255544919846209e+35 1.030224617808813125e+15 3.073747624503216702e+00
9.389343047914896250e+14 9.264519333923231787e+35 1.039756906788866250e+15 3.095343452833641429e+00
9.432879414443096250e+14 9.534464493810092840e+35 1.049426992693962625e+15 3.116579639735630014e+00
9.476415780971296250e+14 9.810177214755369319e+35 1.059237179174664000e+15 3.137458590226926525e+00
9.519952147499495000e+14 1.009174451749978646e+36 1.069189792984758500e+15 3.157982885171166210e+00
9.563488514027691250e+14 1.037925425718318561e+36 1.079287184087889875e+15 3.178155270169430668e+00
9.607024880555892500e+14 1.067279512717803949e+36 1.089531725764192500e+15 3.197978644747151211e+00
9.650561247084092500e+14 1.097245666292264875e+36 1.099925814716914375e+15 3.217456051845572595e+00
9.694097613612288750e+14 1.127832924575467493e+36 1.110471871179052250e+15 3.236590667625355966e+00
9.737633980140487500e+14 1.159050410674443591e+36 1.121172339019982250e+15 3.255385791588213173e+00
9.781170346668690000e+14 1.190907333052834144e+36 1.132029685852087500e+15 3.273844837021059107e+00
9.824706713196883750e+14 1.223412985914218267e+36 1.143046403137388000e+15 3.291971321765692959e+00
9.868243079725083750e+14 1.256576749585465778e+36 1.154225006294176500e+15 3.309768859315834533e+00
9.911779446253286250e+14 1.290408090900063489e+36 1.165568034803642250e+15 3.327241150242020495e+00
9.955315812781482500e+14 1.324916563581453159e+36 1.177078052316502750e+15 3.344391973943894314e+00
9.998852179309683750e+14 1.360111808626377559e+36 1.188757646759637250e+15 3.361225180728335094e+00
1.004238854583788125e+15 1.396003554688212822e+36 1.200609430442713750e+15 3.377744684210997939e+00
1.008592491236607875e+15 1.432601618460309635e+36 1.212636040164821000e+15 3.393954454037983570e+00
1.012946127889427750e+15 1.469915905059322488e+36 1.224840137321097500e+15 3.409858508923635068e+00
1.017299764542247875e+15 1.507956408408566809e+36 1.237224408009363750e+15 3.425460909999770820e+00
1.021653401195067750e+15 1.546733211621332859e+36 1.249791563136749250e+15 3.440765754471057480e+00
1.026007037847887625e+15 1.586256487384242431e+36 1.262544338526326000e+15 3.455777169570748875e+00
1.030360674500707375e+15 1.626536498340579268e+36 1.275485495023737250e+15 3.470499306810487017e+00
1.034714311153527125e+15 1.667583597473626284e+36 1.288617818603828250e+15 3.484936336517528765e+00
1.039067947806347375e+15 1.709408228490009265e+36 1.301944120477276750e+15 3.499092442652389501e+00
1.043421584459167000e+15 1.752020926203022873e+36 1.315467237197220500e+15 3.512971817899612770e+00
1.047775221111986875e+15 1.795432316915990286e+36 1.329190030765894000e+15 3.526578659024152795e+00
1.052128857764806625e+15 1.839653118805575621e+36 1.343115388741250500e+15 3.539917162485660906e+00
1.056482494417626750e+15 1.884694142305140039e+36 1.357246224343599500e+15 3.552991520302822170e+00
1.060836131070446500e+15 1.930566290488072759e+36 1.371585476562231500e+15 3.565805916159808575e+00
1.065189767723266500e+15 1.977280559451132995e+36 1.386136110262053250e+15 3.578364521746808080e+00
1.069543404376086375e+15 2.024848038697776543e+36 1.400901116290212750e+15 3.590671493326582198e+00
1.073897041028906125e+15 2.073279911521516017e+36 1.415883511582734500e+15 3.602730968519023413e+00
1.078250677681726250e+15 2.122587455389238880e+36 1.431086339271148000e+15 3.614547063295653562e+00
1.082604314334546000e+15 2.172782042324546721e+36 1.446512668789114250e+15 3.626123869176106851e+00
1.086957950987366250e+15 2.223875139291107820e+36 1.462165595979063000e+15 3.637465450618696750e+00
1.091311587640186000e+15 2.275878308575980191e+36 1.478048243198816750e+15 3.648575842597243213e+00
1.095665224293006250e+15 2.328803208172963258e+36 1.494163759428226750e+15 3.659459048356477506e+00
1.100018860945825500e+15 2.382661592165913529e+36 1.510515320375794750e+15 3.670119037338454238e+00
1.104372497598645500e+15 2.437465311112116038e+36 1.527106128585316250e+15 3.680559743272531659e+00
1.108726134251465375e+15 2.493226312425589395e+36 1.543939413542497000e+15 3.690785062421655827e+00
1.113079770904285500e+15 2.549956640760443362e+36 1.561018431781592250e+15 3.700798851977830317e+00
1.117433407557105125e+15 2.607668438394213705e+36 1.578346466992033500e+15 3.710604928599830377e+00
1.121787044209925000e+15 2.666373945611193801e+36 1.595926830125060250e+15 3.720207067086404251e+00
1.126140680862745000e+15 2.726085501085780708e+36 1.613762859500349750e+15 3.729608999178374518e+00
1.130494317515564750e+15 2.786815542265809128e+36 1.631857920912645750e+15 3.738814412483257854e+00
1.134847954168385000e+15 2.848576605755890394e+36 1.650215407738392500e+15 3.747826949516211315e+00
1.139201590821204750e+15 2.911381327700745555e+36 1.668838741042358750e+15 3.756650206851289919e+00
1.143555227474024500e+15 2.975242444168551731e+36 1.687731369684276250e+15 3.765287734377221973e+00
1.147908864126844500e+15 3.040172791534278451e+36 1.706896770425463750e+15 3.773743034652088824e+00
1.152262500779664500e+15 3.106185306863022205e+36 1.726338448035459500e+15 3.782019562351495612e+00
1.156616137432484000e+15 3.173293028293339228e+36 1.746059935398649500e+15 3.790120723805022518e+00
1.160969774085304000e+15 3.241509095420601317e+36 1.766064793620903750e+15 3.798049876615926745e+00
1.165323410738124000e+15 3.310846749680318573e+36 1.786356612136198750e+15 3.805810329359267996e+00
1.169677047390944000e+15 3.381319334731481049e+36 1.806939008813253500e+15 3.813405341353822031e+00
1.174030684043764000e+15 3.452940296839893303e+36 1.827815630062155500e+15 3.820838122503315670e+00
1.178384320696583750e+15 3.525723185261524896e+36 1.848990150940994250e+15 3.828111833202725744e+00
1.182737957349403500e+15 3.599681652625829011e+36 1.870466275262489750e+15 3.835229584305544392e+00
1.187091594002223750e+15 3.674829455319107113e+36 1.892247735700626500e+15 3.842194437148092057e+00
1.191445230655043250e+15 3.751180453867819900e+36 1.914338293897277250e+15 3.849009403627142500e+00
1.195798867307863000e+15 3.828748613321940155e+36 1.936741740568837750e+15 3.855677446327269386e+00
1.200152503960683250e+15 3.907548003638290846e+36 1.959461895612858250e+15 3.862201478694524681e+00
1.204506140613503000e+15 3.987592800063874964e+36 1.982502608214667500e+15 3.868584365253156854e+00
1.208859777266323250e+15 4.068897283519216569e+36 2.005867756954009250e+15 3.874828921862309539e+00
1.213213413919143000e+15 4.151475840981704205e+36 2.029561249911670000e+15 3.880937916009704391e+00
1.217567050571962750e+15 4.235342965868935495e+36 2.053587024776112250e+15 3.886914067139533913e+00
1.221920687224782500e+15 4.320513258422029850e+36 2.077949048950098250e+15 3.892760047011866842e+00
1.226274323877602500e+15 4.407001426088993139e+36 2.102651319657327750e+15 3.898478480091054355e+00
1.230627960530422250e+15 4.494822283908035125e+36 2.127697864049060750e+15 3.904071943960697233e+00
1.234981597183242500e+15 4.583990754890924682e+36 2.153092739310756000e+15 3.909542969762943798e+00
1.239335233836062250e+15 4.674521870406310185e+36 2.178840032768691750e+15 3.914894042659893714e+00
1.243688870488882000e+15 4.766430770563084176e+36 2.204943861996607750e+15 3.920127602315118143e+00
1.248042507141701750e+15 4.859732704593690764e+36 2.231408374922324500e+15 3.925246043393319617e+00
1.252396143794521750e+15 4.954443031237483797e+36 2.258237749934380500e+15 3.930251716076341051e+00
1.256749780447341750e+15 5.050577219124059646e+36 2.285436195988659000e+15 3.935146926593756866e+00
1.261103417100161500e+15 5.148150847156581141e+36 2.313007952715017500e+15 3.939933937766460392e+00
1.265457053752981750e+15 5.247179604895161117e+36 2.340957290523927000e+15 3.944614969561671014e+00
1.269810690405801250e+15 5.347679292940117880e+36 2.369288510713082500e+15 3.949192199657951985e+00
1.274164327058621250e+15 5.449665823315413649e+36 2.398005945574060500e+15 3.953667764018865771e+00
1.278517963711441000e+15 5.553155219851916510e+36 2.427113958498925000e+15 3.958043757473978630e+00
1.282871600364260750e+15 5.658163618570763899e+36 2.456616944086871000e+15 3.962322234306038027e+00
1.287225237017081250e+15 5.764707268066727264e+36 2.486519328250854000e+15 3.966505208843176700e+00
1.291578873669900750e+15 5.872802529891482870e+36 2.516825568324210500e+15 3.970594656055113081e+00
1.295932510322720500e+15 5.982465878937011288e+36 2.547540153167299000e+15 3.974592512152338220e+00
1.300286146975540500e+15 6.093713903818927232e+36 2.578667603274129500e+15 3.978500675187387703e+00
1.304639783628360250e+15 6.206563307259790506e+36 2.610212470878988000e+15 3.982321005657321500e+00
1.308993420281180250e+15 6.321030906472467708e+36 2.642179340063070500e+15 3.986055327106637236e+00
1.313347056934000250e+15 6.437133633543456173e+36 2.674572826861112000e+15 3.989705426729830862e+00
1.317700693586820000e+15 6.554888535816217339e+36 2.707397579368015500e+15 3.993273055972949237e+00
1.322054330239640500e+15 6.674312776274562078e+36 2.740658277845492000e+15 3.996759931133469834e+00
1.326407966892460000e+15 6.795423633925895525e+36 2.774359634828667500e+15 4.000167733957911587e+00
1.330761603545279750e+15 6.918238504184666152e+36 2.808506395232745500e+15 4.003498112236637319e+00
1.335115240198099750e+15 7.042774899255614145e+36 2.843103336459609500e+15 4.006752680395323729e+00
1.339468876850919250e+15 7.169050448517154363e+36 2.878155268504466500e+15 4.009933020082631749e+00
1.343822513503739750e+15 7.297082898904727427e+36 2.913667034062483000e+15 4.013040680753666045e+00
1.348176150156559500e+15 7.426890115294061077e+36 2.949643508635390500e+15 4.016077180248793788e+00
1.352529786809379500e+15 7.558490080884619249e+36 2.986089600638149500e+15 4.019044005367489625e+00
1.356883423462199000e+15 7.691900897582841006e+36 3.023010251505549500e+15 4.021942612436866682e+00
1.361237060115019250e+15 7.827140786385542384e+36 3.060410435798862500e+15 4.024774427874576510e+00
1.365590696767839000e+15 7.964228087763226165e+36 3.098295161312455500e+15 4.027540848745855939e+00
1.369944333420658750e+15 8.103181262043424690e+36 3.136669469180435000e+15 4.030243243314411750e+00
1.374297970073478750e+15 8.244018889794053313e+36 3.175538433983269000e+15 4.032882951586971743e+00
1.378651606726299000e+15 8.386759672206723703e+36 3.214907163854420000e+15 4.035461285851291713e+00
1.383005243379118750e+15 8.531422431480063057e+36 3.254780800586963000e+15 4.037979531207430917e+00
1.387358880031938250e+15 8.678026111203138380e+36 3.295164519740245000e+15 4.040438946092168138e+00
1.391712516684758250e+15 8.826589776738700138e+36 3.336063530746488000e+15 4.042840762796410914e+00
1.396066153337578250e+15 8.977132615606561680e+36 3.377483077017427500e+15 4.045186187975473580e+00
1.400419789990398250e+15 9.129673937866970388e+36 3.419428436050953000e+15 4.047476403152145963e+00
1.404773426643218000e+15 9.284233176503835990e+36 3.461904919537714000e+15 4.049712565212469251e+00
1.409127063296037750e+15 9.440829887808219765e+36 3.504917873467781500e+15 4.051895806894127539e+00
1.413480699948858000e+15 9.599483751761543966e+36 3.548472678237252000e+15 4.054027237267442629e+00
1.417834336601678000e+15 9.760214572418993667e+36 3.592574748754891500e+15 4.056107942208883266e+00
1.422187973254497250e+15 9.923042278292852502e+36 3.637229534548761500e+15 4.058138984867118104e+00
1.426541609907317250e+15 1.008798692273581125e+37 3.682442519872851000e+15 4.060121406121540488e+00
1.430895246560137250e+15 1.025506868432435315e+37 3.728219223813710500e+15 4.062056225033305878e+00
1.435248883212957500e+15 1.042430786724204245e+37 3.774565200397072000e+15 4.063944439288854404e+00
1.439602519865777000e+15 1.059572490166285299e+37 3.821486038694477000e+15 4.065787025635943408e+00
1.443956156518597000e+15 1.076934034413460318e+37 3.868987362929933500e+15 4.067584940312215736e+00
