5.775824626074387500e+14 2.372718058021676122e+21 5.167189342896656250e+14 9.423076923077223777e-01
5.819360992602587500e+14 3.386447241079173907e+33 5.206278424098618750e+14 9.855944618202198138e-01
5.862897359130785000e+14 6.952049825327438086e+33 5.245656800295335000e+14 1.029378044322037278e+00
5.906433725658985000e+14 1.070199588189403761e+34 5.285337338967059375e+14 1.073622857120759333e+00
5.949970092187183750e+14 1.464155957802133319e+34 5.325333146919773125e+14 1.118292576201533439e+00
5.993506458715381250e+14 1.877610175794518870e+34 5.365657572062359375e+14 1.163350246093805218e+00
6.037042825243581250e+14 2.311107058179099715e+34 5.406324205183784375e+14 1.208758391760520023e+00
6.080579191771780000e+14 2.765200216447044744e+34 5.447346881730245625e+14 1.254479131811825354e+00
6.124115558299980000e+14 3.240452121457879838e+34 5.488739683582366875e+14 1.300474292342254312e+00
6.167651924828178750e+14 3.737434167329081536e+34 5.530516940832357500e+14 1.346705520694566394e+00
6.211188291356377500e+14 4.256726735325873610e+34 5.572693233561182500e+14 1.393134398464907830e+00
6.254724657884577500e+14 4.798919257750774384e+34 5.615283393615744375e+14 1.439722553082080747e+00
6.298261024412776250e+14 5.364610281833305460e+34 5.658302506386040000e+14 1.486431767318553421e+00
6.341797390940973750e+14 5.954407533619769156e+34 5.701765912582342500e+14 1.533224086121465435e+00
6.385333757469172500e+14 6.568927981862752935e+34 5.745689210012368750e+14 1.580061920188033486e+00
6.428870123997372500e+14 7.208797901910968183e+34 5.790088255358455000e+14 1.626908145750801893e+00
6.472406490525570000e+14 7.874652939598827036e+34 5.834979165954715000e+14 1.673726200083144322e+00
6.515942857053770000e+14 8.567138175136100381e+34 5.880378321564228750e+14 1.720480172284071019e+00
6.559479223581968750e+14 9.286908186997687454e+34 5.926302366156201250e+14 1.767134888952506699e+00
6.603015590110166250e+14 1.003462711581324340e+35 5.972768209683138750e+14 1.813655994414368866e+00
6.646551956638365000e+14 1.081096872825682990e+35 6.019793029858023750e+14 1.860010025220131258e+00
6.690088323166566250e+14 1.161661648093662479e+35 6.067394273931477500e+14 1.906164478685328900e+00
6.733624689694763750e+14 1.245226358428452292e+35 6.115589660468930000e+14 1.952087875301085074e+00
6.777161056222965000e+14 1.331861306644599703e+35 6.164397181127811250e+14 1.997749814895434906e+00
6.820697422751162500e+14 1.421637783716950673e+35 6.213835102434691250e+14 2.043121026478451618e+00
6.864233789279360000e+14 1.514628075169644978e+35 6.263921967562482500e+14 2.088173411754467246e+00
6.907770155807558750e+14 1.610905467465063013e+35 6.314676598107590000e+14 2.132880082332296645e+00
6.951306522335758750e+14 1.710544254392796383e+35 6.366118095867092500e+14 2.177215390709302589e+00
6.994842888863957500e+14 1.813619743458634183e+35 6.418265844615906250e+14 2.221154955146598997e+00
7.038379255392156250e+14 1.920208262273502229e+35 6.471139511883965000e+14 2.264675678590719610e+00
7.081915621920353750e+14 2.030387164942448417e+35 6.524759050733381250e+14 2.307755761831385755e+00
7.125451988448553750e+14 2.144234838453608335e+35 6.579144701535635000e+14 2.350374711115360338e+00
7.168988354976753750e+14 2.261830709067171618e+35 6.634316993748722500e+14 2.392513340462815385e+00
7.212524721504952500e+14 2.383255248704349035e+35 6.690296747694340000e+14 2.434153768955133135e+00
7.256061088033151250e+14 2.508589981336330362e+35 6.747105076335056250e+14 2.475279413281586738e+00
7.299597454561350000e+14 2.637917489373277295e+35 6.804763387051480000e+14 2.515874975847089079e+00
7.343133821089547500e+14 2.771321420053263980e+35 6.863293383419431250e+14 2.555926428754160540e+00
7.386670187617747500e+14 2.908886491831252216e+35 6.922717066987115000e+14 2.595420993979831614e+00
7.430206554145947500e+14 3.050698500768076631e+35 6.983056739052292500e+14 2.634347120072316528e+00
7.473742920674145000e+14 3.196844326919386308e+35 7.044335002439443750e+14 2.672694455693372273e+00
7.517279287202343750e+14 3.347411940724618895e+35 7.106574763276952500e+14 2.710453820330549046e+00
7.560815653730545000e+14 3.502490409395994990e+35 7.169799232774272500e+14 2.747617172499128735e+00
7.604352020258742500e+14 3.662169903307439854e+35 7.234031928999088750e+14 2.784177575746936917e+00
7.647888386786941250e+14 3.826541702383591459e+35 7.299296678654507500e+14 2.820129162766515929e+00
7.691424753315140000e+14 3.995698202488735473e+35 7.365617618856208750e+14 2.855467097908672702e+00
7.734961119843337500e+14 4.169732921815811468e+35 7.433019198909631250e+14 2.890187538379484167e+00
7.778497486371538750e+14 4.348740507275338682e+35 7.501526182087143750e+14 2.924287594389588296e+00
7.822033852899736250e+14 4.532816740884403775e+35 7.571163647405195000e+14 2.957765288510483259e+00
7.865570219427933750e+14 4.722058546155645626e+35 7.641956991401515000e+14 2.990619514477492746e+00
7.909106585956132500e+14 4.916563994486184059e+35 7.713931929912271250e+14 3.022849995663638545e+00
7.952642952484333750e+14 5.116432311546606113e+35 7.787114499849235000e+14 3.054457243432754154e+00
7.996179319012532500e+14 5.321763883669962651e+35 7.861531060976966250e+14 3.085442515564211341e+00
8.039715685540733750e+14 5.532660264240678638e+35 7.937208297689970000e+14 3.115807774925584361e+00
8.083252052068931250e+14 5.749224180083568924e+35 8.014173220789876250e+14 3.145555648553771455e+00
8.126788418597126250e+14 5.971559537852769923e+35 8.092453169262615000e+14 3.174689387289490572e+00
8.170324785125328750e+14 6.199771430420751713e+35 8.172075812055586250e+14 3.203212826094912202e+00
8.213861151653526250e+14 6.433966143267230523e+35 8.253069149854811250e+14 3.231130345169500817e+00
8.257397518181727500e+14 6.674251160868181574e+35 8.335461516862138750e+14 3.258446831965032153e+00
8.300933884709926250e+14 6.920735173084789934e+35 8.419281582572385000e+14 3.285167644187247493e+00
8.344470251238125000e+14 7.173528081552413187e+35 8.504558353550522500e+14 3.311298573858847849e+00
8.388006617766322500e+14 7.432741006069534497e+35 8.591321175208843750e+14 3.336845812506386455e+00
8.431542984294523750e+14 7.698486290986779143e+35 8.679599733584143750e+14 3.361815917522377628e+00
8.475079350822721250e+14 7.970877511595839549e+35 8.769424057114868750e+14 3.386215779743249943e+00
8.518615717350920000e+14 8.250029480518454916e+35 8.860824518418316250e+14 3.410052592274063876e+00
8.562152083879117500e+14 8.536058254095377581e+35 8.953831836067776250e+14 3.433333820581813356e+00
8.605688450407315000e+14 8.829081138775343792e+35 9.048477076369735000e+14 3.456067173870837284e+00
8.649224816935515000e+14 9.129216697504056295e+35 9.144791655141021250e+14 3.478260577746338011e+00
8.692761183463715000e+14 9.436584756113073954e+35 9.242807339485975000e+14 3.499922148165128366e+00
8.736297549991913750e+14 9.751306409708938953e+35 9.342556249573647500e+14 3.521060166666587499e+00
8.779833916520112500e+14 1.007350402906194983e+36 9.444070860414937500e+14 3.541683056871323565e+00
8.823370283048311250e+14 1.040330126699528573e+36 9.547384003639793750e+14 3.561799362230153587e+00
8.866906649576508750e+14 1.074082306477388866e+36 9.652528869274360000e+14 3.581417725001770247e+00
8.910443016104710000e+14 1.108619565849347113e+36 9.759539007518168750e+14 3.600546866433719018e+00
8.953979382632908750e+14 1.143954658546944270e+36 9.868448330521291250e+14 3.619195568118160455e+00
8.997515749161105000e+14 1.180100469062590136e+36 9.979291114161518750e+14 3.637372654491190627e+00
9.041052115689307500e+14 1.217070013288466934e+36 1.009210199982155750e+15 3.655086976442229130e+00
9.084588482217506250e+14 1.254876439155409997e+36 1.020691599616614250e+15 3.672347395998182495e+00
9.128124848745702500e+14 1.293533027271820204e+36 1.032376848091926000e+15 3.689162772045662120e+00
9.171661215273902500e+14 1.333053191562551901e+36 1.044269520264131250e+15 3.705541947053405671e+00
9.215197581802103750e+14 1.373450479907814409e+36 1.056373228250626375e+15 3.721493734756329275e+00
9.258733948330298750e+14 1.414738574782060102e+36 1.068691621607881750e+15 3.737026908762106192e+00
9.302270314858498750e+14 1.456931293892898157e+36 1.081228387509163000e+15 3.752150192041000754e+00
9.345806681386697500e+14 1.500042590819974516e+36 1.093987250922242000e+15 3.766872247259611228e+00
9.389343047914896250e+14 1.544086555653872063e+36 1.106971974787117375e+15 3.781201667919463993e+00
9.432879414443096250e+14 1.589077415635015818e+36 1.120186360193731250e+15 3.795146970261729091e+00
9.476415780971296250e+14 1.635029535792561602e+36 1.133634246559687000e+15 3.808716585899912133e+00
9.519952147499495000e+14 1.681957419583297989e+36 1.147319511807964250e+15 3.821918855143016547e+00
9.563488514027691250e+14 1.729875709530531131e+36 1.161246072544637250e+15 3.834762020972491747e+00
9.607024880555892500e+14 1.778799187863006778e+36 1.175417884236594750e+15 3.847254223637194048e+00
9.650561247084092500e+14 1.828742777153775037e+36 1.189838941389251000e+15 3.859403495831484676e+00
9.694097613612288750e+14 1.879721540959112686e+36 1.204513277724268000e+15 3.871217758422725197e+00
9.737633980140487500e+14 1.931750684457406231e+36 1.219444966357271000e+15 3.882704816695452976e+00
9.781170346668690000e+14 1.984845555088057103e+36 1.234638119975566500e+15 3.893872357080683244e+00
9.824706713196883750e+14 2.039021643190364123e+36 1.250096891015854750e+15 3.904727944339915879e+00
9.868243079725083750e+14 2.094294582642443161e+36 1.265825471841955500e+15 3.915279019174670250e+00
9.911779446253286250e+14 2.150680151500106062e+36 1.281828094922518250e+15 3.925532896233459468e+00
9.955315812781482500e+14 2.208194272635755511e+36 1.298109033008739000e+15 3.935496762489413047e+00
9.998852179309683750e+14 2.266853014377296129e+36 1.314672599312083250e+15 3.945177675962881381e+00
1.004238854583788125e+15 2.326672591147021370e+36 1.331523147681997500e+15 3.954582564764541619e+00
1.008592491236607875e+15 2.387669364100516058e+36 1.348665072783630000e+15 3.963718226435717362e+00
1.012946127889427750e+15 2.449859841765537972e+36 1.366102810275544000e+15 3.972591327563734342e+00
1.017299764542247875e+15 2.513260680680945173e+36 1.383840836987441000e+15 3.981208403651280037e+00
1.021653401195067750e+15 2.577888686035555159e+36 1.401883671097870000e+15 3.989575859219791187e+00
1.026007037847887625e+15 2.643760812307071308e+36 1.420235872311951500e+15 3.997699968128023418e+00
1.030360674500707375e+15 2.710894163900965348e+36 1.438902042039090500e+15 4.005586874087903482e+00
1.034714311153527125e+15 2.779305995789377533e+36 1.457886823570695750e+15 4.013242591360842937e+00
1.039067947806347375e+15 2.849013714150015639e+36 1.477194902257896500e+15 4.020673005618599305e+00
1.043421584459167000e+15 2.920034877005038318e+36 1.496831005689256500e+15 4.027883874953733567e+00
1.047775221111986875e+15 2.992387194859983908e+36 1.516799903868499000e+15 4.034880831025611236e+00
1.052128857764806625e+15 3.066088531342626330e+36 1.537106409392213250e+15 4.041669380328698047e+00
1.056482494417626750e+15 3.141156903841900065e+36 1.557755377627581500e+15 4.048254905570815687e+00
1.060836131070446500e+15 3.217610484146788523e+36 1.578751706890088500e+15 4.054642667149710000e+00
1.065189767723266500e+15 3.295467599085221855e+36 1.600100338621244750e+15 4.060837804717114530e+00
1.069543404376086375e+15 3.374746731162961790e+36 1.621806257566297250e+15 4.066845338820156641e+00
1.073897041028906125e+15 3.455466519202526596e+36 1.643874491951953750e+15 4.072670172610648009e+00
1.078250677681726250e+15 3.537645758982064701e+36 1.666310113664096250e+15 4.078317093613478050e+00
1.082604314334546000e+15 3.621303403874244831e+36 1.689118238425493000e+15 4.083790775545882212e+00
1.086957950987366250e+15 3.706458565485179799e+36 1.712304025973527500e+15 4.089095780180006301e+00
1.091311587640186000e+15 3.793130514293300712e+36 1.735872680237904000e+15 4.094236559241681839e+00
1.095665224293006250e+15 3.881338680288272491e+36 1.759829449518373750e+15 4.099217456338889676e+00
1.100018860945825500e+15 3.971102653609856275e+36 1.784179626662441250e+15 4.104042708913866910e+00
1.104372497598645500e+15 4.062442185186860358e+36 1.808928549243096500e+15 4.108716450213259819e+00
1.108726134251465375e+15 4.155377187375983112e+36 1.834081599736518250e+15 4.113242711271194452e+00
1.113079770904285500e+15 4.249927734600739133e+36 1.859644205699796750e+15 4.117625422900537124e+00
1.117433407557105125e+15 4.346114063990357060e+36 1.885621839948652750e+15 4.121868417687972297e+00
1.121787044209925000e+15 4.443956576018656729e+36 1.912020020735151000e+15 4.125975431988957887e+00
1.126140680862745000e+15 4.543475835142968830e+36 1.938844311925419750e+15 4.129950107918882729e+00
1.130494317515564750e+15 4.644692570443016196e+36 1.966100323177366500e+15 4.133795995337127493e+00
1.134847954168385000e+15 4.747627676259818111e+36 1.993793710118397250e+15 4.137516553821009246e+00
1.139201590821204750e+15 4.852302212834576318e+36 2.021930174523128250e+15 4.141115154626856310e+00
1.143555227474024500e+15 4.958737406947587006e+36 2.050515464491111000e+15 4.144595082635761152e+00
1.147908864126844500e+15 5.066954652557131540e+36 2.079555374624543500e+15 4.147959538281750014e+00
1.152262500779664500e+15 5.176975511438370734e+36 2.109055746205989750e+15 4.151211639460388625e+00
1.156616137432484000e+15 5.288821713822232637e+36 2.139022467376093750e+15 4.154354423416023678e+00
1.160969774085304000e+15 5.402515159034336315e+36 2.169461473311304000e+15 4.157390848606055123e+00
1.165323410738124000e+15 5.518077916133864289e+36 2.200378746401582250e+15 4.160323796540859931e+00
1.169677047390944000e+15 5.635532224552469792e+36 2.231780316428127000e+15 4.163156073598082152e+00
1.174030684043764000e+15 5.754900494733156883e+36 2.263672260741083000e+15 4.165890412810252741e+00
1.178384320696583750e+15 5.876205308769208947e+36 2.296060704437268000e+15 4.168529475624774605e+00
1.182737957349403500e+15 5.999469421043049335e+36 2.328951820537880500e+15 4.171075853635482389e+00
1.187091594002223750e+15 6.124715758865178719e+36 2.362351830166228500e+15 4.173532070285111750e+00
1.191445230655043250e+15 6.251967423113034545e+36 2.396267002725433000e+15 4.175900582538097261e+00
1.195798867307863000e+15 6.381247688869900062e+36 2.430703656076154500e+15 4.178183782523279710e+00
1.200152503960683250e+15 6.512580006063818077e+36 2.465668156714308000e+15 4.180383999146127572e+00
1.204506140613503000e+15 6.645988000106458667e+36 2.501166919948777000e+15 4.182503499670248814e+00
1.208859777266323250e+15 6.781495472532028205e+36 2.537206410079133500e+15 4.184544491267985222e+00
1.213213413919143000e+15 6.919126401636174856e+36 2.573793140573355000e+15 4.186509122539992411e+00
1.217567050571962750e+15 7.058904943114894065e+36 2.610933674245545500e+15 4.188399485003764688e+00
1.221920687224782500e+15 7.200855430703383280e+36 2.648634623433642500e+15 4.190217614551142944e+00
1.226274323877602500e+15 7.345002376814988762e+36 2.686902650177145000e+15 4.191965492874859756e+00
1.230627960530422250e+15 7.491370473180059132e+36 2.725744466394820000e+15 4.193645048864302005e+00
1.234981597183242500e+15 7.639984591484875650e+36 2.765166834062432000e+15 4.195258159970617129e+00
1.239335233836062250e+15 7.790869784010518746e+36 2.805176565390445000e+15 4.196806653541447218e+00
1.243688870488882000e+15 7.944051284271807747e+36 2.845780523001759000e+15 4.198292308125500583e+00
1.248042507141701750e+15 8.099554507656152060e+36 2.886985620109406500e+15 4.199716854747292061e+00
1.252396143794521750e+15 8.257405052062474372e+36 2.928798820694286500e+15 4.201081978152359397e+00
1.256749780447341750e+15 8.417628698540099607e+36 2.971227139682871000e+15 4.202389318023333153e+00
1.261103417100161500e+15 8.580251411927636809e+36 3.014277643124921500e+15 4.203640470167209209e+00
1.265457053752981750e+15 8.745299341491936573e+36 3.057957448371224000e+15 4.204836987674240412e+00
1.269810690405801250e+15 8.912798821566863134e+36 3.102273724251270500e+15 4.205980382048869259e+00
1.274164327058621250e+15 9.082776372192358049e+36 3.147233691251020000e+15 4.207072124313127048e+00
1.278517963711441000e+15 9.255258699753194576e+36 3.192844621690581500e+15 4.208113646082936476e+00
1.282871600364260750e+15 9.430272697617941012e+36 3.239113839901944000e+15 4.209106340617803532e+00
1.287225237017081250e+15 9.607845446777879167e+36 3.286048722406703000e+15 4.210051563844338318e+00
1.291578873669900750e+15 9.788004216485807144e+36 3.333656698093750500e+15 4.210950635354098637e+00
1.295932510322720500e+15 9.970776464895019207e+36 3.381945248397018500e+15 4.211804839376230625e+00
1.300286146975540500e+15 1.015618983969821245e+37 3.430921907473189000e+15 4.212615425725386942e+00
1.304639783628360250e+15 1.034427217876631908e+37 3.480594262379406500e+15 4.213383610725423445e+00
1.308993420281180250e+15 1.053505151078744736e+37 3.530969953250997000e+15 4.214110578109369065e+00
1.313347056934000250e+15 1.072855605590576226e+37 3.582056673479187500e+15 4.214797479896128074e+00
1.317700693586820000e+15 1.092481422636036381e+37 3.633862169888812500e+15 4.215445437244453863e+00
1.322054330239640500e+15 1.112385462712427170e+37 3.686394242916059500e+15 4.216055541284643660e+00
1.326407966892460000e+15 1.132570605654315960e+37 3.739660746786139500e+15 4.216628853928463094e+00
1.330761603545279750e+15 1.153039750697444359e+37 3.793669589691055500e+15 4.217166408657788246e+00
1.335115240198099750e+15 1.173795816542602475e+37 3.848428733967283000e+15 4.217669211292423448e+00
1.339468876850919250e+15 1.194841741419525845e+37 3.903946196273499000e+15 4.218138240737611788e+00
1.343822513503739750e+15 1.216180483150788101e+37 3.960230047768312000e+15 4.218574449711658403e+00
1.348176150156559500e+15 1.237815019215676885e+37 4.017288414287945000e+15 4.218978765454187929e+00
1.352529786809379500e+15 1.259748346814103287e+37 4.075129476523996500e+15 4.219352090415456225e+00
1.356883423462199000e+15 1.281983482930473737e+37 4.133761470201117500e+15 4.219695302927201297e+00
1.361237060115019250e+15 1.304523464397590476e+37 4.193192686254757500e+15 4.220009257855449114e+00
1.365590696767839000e+15 1.327371347960537852e+37 4.253431471008867000e+15 4.220294787235763678e+00
1.369944333420658750e+15 1.350530210340570979e+37 4.314486226353619000e+15 4.220552700891322395e+00
1.374297970073478750e+15 1.374003148299009122e+37 4.376365409923130000e+15 4.220783787034286583e+00
1.378651606726299000e+15 1.397793278701120814e+37 4.439077535273167500e+15 4.220988812850875682e+00
1.383005243379118750e+15 1.421903738580010864e+37 4.502631172058859500e+15 4.221168525070542188e+00
1.387358880031938250e+15 1.446337685200523181e+37 4.567034946212451000e+15 4.221323650519679838e+00
1.391712516684758250e+15 1.471098296123116690e+37 4.632297540120975000e+15 4.221454896660241651e+00
1.396066153337578250e+15 1.496188769267760359e+37 4.698427692803993000e+15 4.221562952113663059e+00
1.400419789990398250e+15 1.521612322977828477e+37 4.765434200091324000e+15 4.221648487170481800e+00
1.404773426643218000e+15 1.547372196083972783e+37 4.833325914800712000e+15 4.221712154286015206e+00
1.409127063296037750e+15 1.573471647968036864e+37 4.902111746915612000e+15 4.221754588562468768e+00
1.413480699948858000e+15 1.599913958626924034e+37 4.971800663762848000e+15 4.221776408217836618e+00
1.417834336601678000e+15 1.626702428736499220e+37 5.042401690190367000e+15 4.221778215041929627e+00
1.422187973254497250e+15 1.653840379715475732e+37 5.113923908744937000e+15 4.221760594839897074e+00
1.426541609907317250e+15 1.681331153789302032e+37 5.186376459849874000e+15 4.221724117863558057e+00
1.430895246560137250e+15 1.709178114054058898e+37 5.259768541982760000e+15 4.221669339230874840e+00
1.435248883212957500e+15 1.737384644540340762e+37 5.334109411853148000e+15 4.221596799333892314e+00
1.439602519865777000e+15 1.765954150277142479e+37 5.409408384580278000e+15 4.221507024235447325e+00
1.443956156518597000e+15 1.794890057355767591e+37 5.485674833870826000e+15 4.221400526054969404e+00
