   0.0000000000000000        7.9240596000000005E-015   0.0000000000000000        1.8864781914483024E-019   7.3788191954544000E-012
   0.0000000000000000        8.8416545554590109E-015   0.0000000000000000        2.2195016667318421E-019   8.2332760978274937E-012
   0.0000000000000000        9.8655057160434646E-015   0.0000000000000000        2.6191596656420306E-019   9.1866779121988681E-012
   0.0000000000000000        1.1007917400843705E-014   0.0000000000000000        3.1000459188117721E-019   1.0250482321328089E-011
   0.0000000000000000        1.2282618751793117E-014   0.0000000000000000        3.6801291339631125E-019   1.1437473791798191E-011
   0.0000000000000000        1.3704928726149143E-014   0.0000000000000000        4.3815566601456308E-019   1.2761917213783913E-011
   0.0000000000000000        1.5291940194871531E-014   0.0000000000000000        5.2316523652736041E-019   1.4239729332105584E-011
   0.0000000000000000        1.7062725359333826E-014   0.0000000000000000        6.2641559990233548E-019   1.5888670028778597E-011
   0.0000000000000000        1.9038564955001083E-014   0.0000000000000000        7.5207628590480512E-019   1.7728555755838769E-011
   0.0000000000000000        2.1243203996571100E-014   0.0000000000000000        9.0530369490060858E-019   1.9781497683420726E-011
   0.0000000000000000        2.3703137138043227E-014   0.0000000000000000        1.0924788703653440E-018   2.2072167425088664E-011
   0.0000000000000000        2.6447927077081749E-014   0.0000000000000000        1.3026923301217207E-018   2.4628093502955346E-011
   0.0000000000000000        2.9510559830156700E-014   0.0000000000000000        1.5349254912843713E-018   2.7479992221583217E-011
   0.0000000000000000        3.2927841148046222E-014   0.0000000000000000        1.8139903442395727E-018   3.0662136832995394E-011
   0.0000000000000000        3.6740838835696483E-014   0.0000000000000000        2.1501952201545565E-018   3.4212769355062463E-011
   0.0000000000000000        4.0995376292099216E-014   0.0000000000000000        2.5562390675522664E-018   3.8174560179497034E-011
   0.0000000000000000        4.5742583201392792E-014   0.0000000000000000        3.0477815373607216E-018   4.2595120871796939E-011
   0.0000000000000000        5.1039509993218304E-014   0.0000000000000000        3.6441509323716027E-018   4.7527576352818580E-011
   0.0000000000000000        5.6949813456720388E-014   0.0000000000000000        4.3692235891735962E-018   5.3031203338318395E-011
   0.0000000000000000        6.3544521747685067E-014   0.0000000000000000        5.2525164607476650E-018   5.9172142709078023E-011
   0.0000000000000000        7.0902887982428095E-014   0.0000000000000000        6.3305448743054270E-018   6.6024194372715680E-011
   0.0000000000000000        7.9113342676654688E-014   0.0000000000000000        7.6485101428424248E-018   7.3669704169660314E-011
   0.0000000000000000        8.8274556475399779E-014   0.0000000000000000        9.0021848353453921E-018   8.2200553054761141E-011
   0.0000000000000000        9.8496625945600188E-014   0.0000000000000000        1.0622709824030015E-017   9.1719262421749469E-011
   0.0000000000000000        1.0990239668177887E-013   0.0000000000000000        1.2572523823670315E-017   1.0234022517664809E-010
   0.0000000000000000        1.2262893962550626E-013   0.0000000000000000        1.4924459411010781E-017   1.1419108076828229E-010
   0.0000000000000000        1.3682919834057858E-013   0.0000000000000000        1.7768285134580479E-017   1.2741424912806733E-010
   0.0000000000000000        1.5267382704034446E-013   0.0000000000000000        2.1214749736826898E-017   1.4216864223252131E-010
   0.0000000000000000        1.7035324145601110E-013   0.0000000000000000        2.5400605054830079E-017   1.5863157386314769E-010
   0.0000000000000000        1.9007990719261492E-013   0.0000000000000000        3.0494845971537234E-017   1.7700089051486848E-010
   0.0000000000000000        2.1209089307339511E-013   0.0000000000000000        3.6706464028779658E-017   1.9749734906195557E-010
   0.0000000000000000        2.3665072015785364E-013   0.0000000000000000        4.4294083802750308E-017   2.2036726975594925E-010
   0.0000000000000000        2.6405454067209968E-013   0.0000000000000000        5.2837711874227728E-017   2.4588549522380778E-010
   0.0000000000000000        2.9463168505485582E-013   0.0000000000000000        6.2254439927473869E-017   2.7435869511531192E-010
   0.0000000000000000        3.2874961974640258E-013   0.0000000000000000        7.3569691143514279E-017   3.0612905282958740E-010
   0.0000000000000000        3.6681836328391550E-013   0.0000000000000000        8.7201296515896839E-017   3.4157837492965405E-010
   0.0000000000000000        4.0929541377443068E-013   0.0000000000000000        1.0366397881362536E-016   3.8113268072110209E-010
   0.0000000000000000        4.5669124696224853E-013   0.0000000000000000        1.2359245717367578E-016   4.2526732204500143E-010
   0.0000000000000000        5.0957545096480858E-013   0.0000000000000000        1.4777013899208416E-016   4.7451269594040805E-010
   0.0000000000000000        5.6858357140235032E-013   0.0000000000000000        1.7716475952956988E-016   5.2946061883110510E-010
   0.0000000000000000        6.3442474918395922E-013   0.0000000000000000        2.1297266197313849E-016   5.9077143884161216E-010
   0.0000000000000000        7.0789024273849409E-013   0.0000000000000000        2.5667382432840099E-016   6.5918197171860801E-010
   0.0000000000000000        7.8986293710786722E-013   0.0000000000000000        3.1010025436617788E-016   7.3551435573237697E-010
   0.0000000000000000        8.8132795417995191E-013   0.0000000000000000        3.6512423196459092E-016   8.2068591490964694E-010
   0.0000000000000000        9.8338449157153521E-013   0.0000000000000000        4.3083298121578084E-016   9.1572022791538565E-010
   0.0000000000000000        1.0972590324372634E-012   0.0000000000000000        5.0989069331837363E-016   1.0217593901121917E-009
   0.0000000000000000        1.2243200849558825E-012   0.0000000000000000        6.0524949232736293E-016   1.1400777498653662E-009
   0.0000000000000000        1.3660946286282530E-012   0.0000000000000000        7.2054791482208221E-016   1.2720972238540291E-009
   0.0000000000000000        1.5242864650335386E-012   0.0000000000000000        8.6027481512524271E-016   1.4194043854128730E-009
   0.0000000000000000        1.7007966935771535E-012   0.0000000000000000        1.0299729338700878E-015   1.5837695317138148E-009
   0.0000000000000000        1.8977465583015128E-012   0.0000000000000000        1.2364917904318376E-015   1.7671679589427271E-009
   0.0000000000000000        2.1175029403253391E-012   0.0000000000000000        1.4883019199980344E-015   1.9718037011643519E-009
   0.0000000000000000        2.3627068022715764E-012   0.0000000000000000        1.7958854138216060E-015   2.2001360181798994E-009
   0.0000000000000000        2.6363049265200470E-012   0.0000000000000000        2.1431197009299334E-015   2.4549089029476604E-009
   0.0000000000000000        2.9415853287051265E-012   0.0000000000000000        2.5249549990283735E-015   2.7391841201934740E-009
   0.0000000000000000        3.2822167720466250E-012   0.0000000000000000        2.9837550940678909E-015   3.0563780614888513E-009
   0.0000000000000000        3.6622928573846175E-012   0.0000000000000000        3.5364560717701126E-015   3.4103026819464483E-009
   0.0000000000000000        4.0863812187782759E-012   0.0000000000000000        4.2039210441937578E-015   3.8052113589462217E-009
   0.0000000000000000        4.5595784158858548E-012   0.0000000000000000        5.0118765402417097E-015   4.2458500090037764E-009
   0.0000000000000000        5.0875711828050539E-012   0.0000000000000000        5.9920753353661602E-015   4.7375141240938685E-009
   0.0000000000000000        5.6767047694429637E-012   0.0000000000000000        7.1837408541708426E-015   5.2861124129411675E-009
   0.0000000000000000        6.3340591967204871E-012   0.0000000000000000        8.6353617477297219E-015   5.8982378121832072E-009
   0.0000000000000000        7.0675343420222069E-012   0.0000000000000000        1.0406922010708077E-014   6.5812467209000330E-009
   0.0000000000000000        7.8859448774216236E-012   0.0000000000000000        1.2572672868579716E-014   7.3433474108563211E-009
   0.0000000000000000        8.7991262016193750E-012   0.0000000000000000        1.4809270559761064E-014   8.1936979933077847E-009
   0.0000000000000000        9.8180526386508607E-012   0.0000000000000000        1.7473618348741843E-014   9.1425182541180168E-009
   0.0000000000000000        1.0954969323837966E-011   0.0000000000000000        2.0679116533195170E-014   1.0201210948379522E-008
   0.0000000000000000        1.2223539361948476E-011   0.0000000000000000        2.4545423633959238E-014   1.1382499242901272E-008
   0.0000000000000000        1.3639008026063340E-011   0.0000000000000000        2.9220018377015513E-014   1.2700579652236005E-008
   0.0000000000000000        1.5218385970441837E-011   0.0000000000000000        3.4884842484493261E-014   1.4171292655893068E-008
   0.0000000000000000        1.6980653659178761E-011   0.0000000000000000        4.1764550920113247E-014   1.5812313074160544E-008
   0.0000000000000000        1.8946989467412587E-011   0.0000000000000000        5.0136761101486335E-014   1.7643362490893098E-008
   0.0000000000000000        2.1141024196332699E-011   0.0000000000000000        6.0344788245610664E-014   1.9686446276692830E-008
   0.0000000000000000        2.3589125060666400E-011   0.0000000000000000        7.2813473072504680E-014   2.1966118061696643E-008
   0.0000000000000000        2.6320712561517506E-011   0.0000000000000000        8.6925887818828119E-014   2.4509772960874724E-008
   0.0000000000000000        2.9368614052633896E-011   0.0000000000000000        1.0240878995839589E-013   2.7347979086471772E-008
   0.0000000000000000        3.2769458249151477E-011   0.0000000000000000        1.2101179222045208E-013   3.0514847667928155E-008
   0.0000000000000000        3.6564115419895889E-011   0.0000000000000000        1.4342137088764197E-013   3.4048437889151335E-008
   0.0000000000000000        4.0798188553333396E-011   0.0000000000000000        1.7048316474839745E-013   3.7991216264800699E-008
   0.0000000000000000        4.5522561399848116E-011   0.0000000000000000        2.0323992544103263E-013   4.2390567035033809E-008
   0.0000000000000000        5.0794009976544035E-011   0.0000000000000000        2.4297864481090242E-013   4.7299361671097333E-008
   0.0000000000000000        5.6675884883442957E-011   0.0000000000000000        2.9128909368898558E-013   5.2776594338639100E-008
   0.0000000000000000        6.3238872630938308E-011   0.0000000000000000        3.5013655232138827E-013   5.8888090958947327E-008
   0.0000000000000000        7.0561845127897308E-011   0.0000000000000000        4.2195219204213779E-013   6.5707300393635213E-008
   0.0000000000000000        7.8732807539290398E-011   0.0000000000000000        5.0974541338306317E-013   7.3316177266262398E-008
   0.0000000000000000        8.7849955904400875E-011   0.0000000000000000        6.0065757605742632E-013   8.1806139808406908E-008
   0.0000000000000000        9.8022857225735575E-011   0.0000000000000000        7.0869118253278048E-013   9.1279238895743823E-008
   0.0000000000000000        1.0937376621057132E-010   0.0000000000000000        8.3866236331819041E-013   1.0184932500894198E-007
   0.0000000000000000        1.2203909448932043E-010   0.0000000000000000        9.9542124143580727E-013   1.1364343149443183E-007
   0.0000000000000000        1.3617104996731632E-010   0.0000000000000000        1.1849454891271385E-012   1.2680330291050942E-007
   0.0000000000000000        1.5193946601122979E-010   0.0000000000000000        1.4146095485355269E-012   1.4148709879259746E-007
   0.0000000000000000        1.6953384245269929E-010   0.0000000000000000        1.6935189984232296E-012   1.5787129476789562E-007
   0.0000000000000000        1.8916562293731097E-010   0.0000000000000000        2.0329259337743781E-012   1.7615280388586528E-007
   0.0000000000000000        2.1107073598738667E-010   0.0000000000000000        2.4467451016911375E-012   1.9655134368224351E-007
   0.0000000000000000        2.3551243031626916E-010   0.0000000000000000        2.9521953620626893E-012   2.1931207745336373E-007
   0.0000000000000000        2.6278443846801257E-010   0.0000000000000000        3.5304007338415005E-012   2.4470849553141594E-007
   0.0000000000000000        2.9321450680209943E-010   0.0000000000000000        4.1716755577468240E-012   2.7304577672016451E-007
   0.0000000000000000        3.2716833424542252E-010   0.0000000000000000        4.9441631647336510E-012   3.0466456871001317E-007
   0.0000000000000000        3.6505396714620579E-010   0.0000000000000000        5.8770119255962798E-012   3.3994488874384687E-007
   0.0000000000000000        4.0732670304582704E-010   0.0000000000000000        7.0061644003761606E-012   3.7931076513933898E-007
   0.0000000000000000        4.5449456230052033E-010   0.0000000000000000        8.3759817361286123E-012   4.2323533508462991E-007
   0.0000000000000000        5.0712439330917514E-010   0.0000000000000000        1.0041261394962638E-011   4.7224653308848872E-007
   0.0000000000000000        5.6584868471792614E-010   0.0000000000000000        1.2069744041468008E-011   5.2693343856446291E-007
   0.0000000000000000        6.3137316646845269E-010   0.0000000000000000        1.4533156854621213E-011   5.8795334205713499E-007
   0.0000000000000000        7.0448529103698001E-010   0.0000000000000000        1.7056270672863247E-011   6.5603901173896997E-007
   0.0000000000000000        7.8606369678882553E-010   0.0000000000000000        2.0077410685074141E-011   7.3200927363596039E-007
   0.0000000000000000        8.7708876717609123E-010   0.0000000000000000        2.3704682987132852E-011   8.1677724246045641E-007
   0.0000000000000000        9.7865441267559544E-010   0.0000000000000000        2.8071069200607642E-011   9.1136179238068103E-007
   0.0000000000000000        1.0919812170586453E-009   0.0000000000000000        3.3340334566976324E-011   1.0168998092209668E-006
   0.0000000000000000        1.2184311059803548E-009   0.0000000000000000        3.9714361958645993E-011   1.1346598627735600E-006
   0.0000000000000000        1.3595237141709741E-009   0.0000000000000000        4.7442258663864907E-011   1.2660574639933128E-006
   0.0000000000000000        1.5169546479249536E-009   0.0000000000000000        5.6831667495157823E-011   1.4126720910063417E-006
   0.0000000000000000        1.6926158623605485E-009   0.0000000000000000        6.6995784638039469E-011   1.5762642631417445E-006
   0.0000000000000000        1.8886183983374290E-009   0.0000000000000000        7.8308540847554636E-011   1.7588004502260989E-006
   0.0000000000000000        2.1073177522773592E-009   0.0000000000000000        9.1802232376249504E-011   1.9624757867046144E-006
   0.0000000000000000        2.3513421837744326E-009   0.0000000000000000        1.0794279297365913E-010   2.1897385766975441E-006
   0.0000000000000000        2.6236243011867492E-009   0.0000000000000000        1.2730239145362291E-010   2.4433207374882075E-006
   0.0000000000000000        2.9274363047951818E-009   0.0000000000000000        1.5058454265009046E-010   2.7262706667615044E-006
   0.0000000000000000        3.2664293110703530E-009   0.0000000000000000        1.7865526449533391E-010   3.0419899220047094E-006
   0.0000000000000000        3.6446772306344117E-009   0.0000000000000000        2.1258175025915439E-010   3.3942741550282729E-006
   0.0000000000000000        4.0667257272290672E-009   0.0000000000000000        2.5154003634901308E-010   3.7873569796632817E-006
   0.0000000000000000        4.5376468460632537E-009   0.0000000000000000        2.8938164756772519E-010   4.2259579935445679E-006
   0.0000000000000000        5.0630999680466036E-009   0.0000000000000000        3.3399064015140301E-010   4.7153547001884684E-006
   0.0000000000000000        5.6493998224374303E-009   0.0000000000000000        3.8874438167281316E-010   5.2614215981229925E-006
   0.0000000000000000        6.3035923752596777E-009   0.0000000000000000        4.5377776728962154E-010   5.8707309617757987E-006
   0.0000000000000000        7.0335395054917819E-009   0.0000000000000000        5.3124630420941218E-010   6.5506083081024170E-006
   0.0000000000000000        7.8480134866391384E-009   0.0000000000000000        6.2379156964258636E-010   7.3092279600854962E-006
   0.0000000000000000        8.7568024091397156E-009   0.0000000000000000        7.3465543256076272E-010   8.1557114650417986E-006
   0.0000000000000000        9.7708278105359781E-009   0.0000000000000000        8.6782169675704247E-010   9.1002374409335218E-006
   0.0000000000000000        1.0902275927055246E-008   0.0000000000000000        1.0100361142345100E-009   1.0154129255286541E-005
   0.0000000000000000        1.2164744143938434E-008   0.0000000000000000        1.1740036298747890E-009   1.1330074556286990E-005
   0.0000000000000000        1.3573404404510864E-008   0.0000000000000000        1.3684753135918773E-009   1.2642219966751406E-005
   0.0000000000000000        1.5145185541793614E-008   0.0000000000000000        1.5998052353121491E-009   1.4106343955893412E-005
   0.0000000000000000        1.6898976723858998E-008   0.0000000000000000        1.8757745995575335E-009   1.5740053756100193E-005
   0.0000000000000000        1.8855854457872037E-008   0.0000000000000000        2.2059263889664203E-009   1.7562997532611349E-005
   0.0000000000000000        2.1039335880880604E-008   0.0000000000000000        2.5745221689610412E-009   1.9597043080168151E-005
   0.0000000000000000        2.3475661381322800E-008   0.0000000000000000        2.9819742437752954E-009   2.1866628847550821E-005
   0.0000000000000000        2.6194109947707347E-008   0.0000000000000000        3.4633942835605038E-009   2.4399097013521451E-005
   0.0000000000000000        2.9227351034227569E-008   0.0000000000000000        4.0339103177681831E-009   2.7224905542499660E-005
   0.0000000000000000        3.2611837171918524E-008   0.0000000000000000        4.7120100706169062E-009   3.0378043443797502E-005
   0.0000000000000000        3.6388242043633909E-008   0.0000000000000000        5.5203239525811772E-009   3.3896440655264213E-005
   0.0000000000000000        4.0601949287489072E-008   0.0000000000000000        6.4607864787475220E-009   3.7822366052334248E-005
   0.0000000000000000        4.5303597903055078E-008   0.0000000000000000        7.4623993126533297E-009   4.2202814960022386E-005
   0.0000000000000000        5.0549690814823037E-008   0.0000000000000000        8.6420975492429687E-009   4.7090678363541187E-005
   0.0000000000000000        5.6403273906461345E-008   0.0000000000000000        1.0035718142484217E-008   5.2544754493961818E-005
   0.0000000000000000        6.2934693686285045E-008   0.0000000000000000        1.1686975668251787E-008   5.8630660219887115E-005
   0.0000000000000000        7.0222442689320462E-008   0.0000000000000000        1.3649287865593668E-008   6.5421623057995424E-005
   0.0000000000000000        7.8354102775740038E-008   0.0000000000000000        1.5988036343359766E-008   7.2999365490675021E-005
   0.0000000000000000        8.7427397661928935E-008   0.0000000000000000        1.8462207791996406E-008   8.1454295442837929E-005
   0.0000000000000000        9.7551367333168517E-008   0.0000000000000000        2.1332104935520198E-008   9.0888604785738296E-005
   0.0000000000000000        1.0884767845165689E-007   0.0000000000000000        2.4713676755507475E-008   1.0141588793721009E-004
   0.0000000000000000        1.2145208650793462E-007   0.0000000000000000        2.8710115058580197E-008   1.1316283077411340E-004
   0.0000000000000000        1.3551606728738916E-007   0.0000000000000000        3.3447326849782786E-008   1.2627081887700862E-004
   0.0000000000000000        1.5120863725828538E-007   0.0000000000000000        3.9079202395025482E-008   1.4089764700141402E-004
   0.0000000000000000        1.6871838475816969E-007   0.0000000000000000        4.4924303453920092E-008   1.5721847867981886E-004
   0.0000000000000000        1.8825573638880219E-007   0.0000000000000000        5.1066539446115358E-008   1.7542971736676100E-004
   0.0000000000000000        2.1005548585643445E-007   0.0000000000000000        5.8517735637191155E-008   1.9575037857891487E-004
   0.0000000000000000        2.3437961564823409E-007   0.0000000000000000        6.7655758429793096E-008   2.1842470565721470E-004
   0.0000000000000000        2.6152044545487025E-007   0.0000000000000000        7.8430595834688814E-008   2.4372633156427657E-004
   0.0000000000000000        2.9180414517600594E-007   0.0000000000000000        9.1173560327885526E-008   2.7195989651315300E-004
   0.0000000000000000        3.2559465472688454E-007   0.0000000000000000        1.0592358557773482E-007   3.0346441541551029E-004
   0.0000000000000000        3.6329805775300612E-007   0.0000000000000000        1.2234071036736476E-007   3.3861711508319432E-004
   0.0000000000000000        4.0536746181480984E-007   0.0000000000000000        1.4167601613330275E-007   3.7784337507328384E-004
   0.0000000000000000        4.5230844369087916E-007   0.0000000000000000        1.6451662048947365E-007   4.2161562511134492E-004
   0.0000000000000000        5.0468512523959783E-007   0.0000000000000000        1.9143063962827089E-007   4.7046076454516618E-004
   0.0000000000000000        5.6312695283703975E-007   0.0000000000000000        2.2154018527860959E-007   5.2496249844280712E-004
   0.0000000000000000        6.2833626186422974E-007   0.0000000000000000        2.5708225157299649E-007   5.8578110119805152E-004
   0.0000000000000000        7.0109671715138967E-007   0.0000000000000000        2.9772175489176921E-007   6.5364537530980993E-004
   0.0000000000000000        7.8228273081375370E-007   0.0000000000000000        3.3913739978440179E-007   7.2937178469462333E-004
   0.0000000000000000        8.7286997065952670E-007   0.0000000000000000        3.8259660581107546E-007   8.1387302980359937E-004
   0.0000000000000000        9.7394708545669933E-007   0.0000000000000000        4.3273786474081949E-007   9.0816845879770534E-004
   0.0000000000000000        1.0867287879692692E-006   0.0000000000000000        4.9917745889736565E-007   1.0133810300900919E-003
   0.0000000000000000        1.2125704529906537E-006   0.0000000000000000        5.7731141449642088E-007   1.1307888150537074E-003
   0.0000000000000000        1.3529844058088371E-006   0.0000000000000000        6.6947413187642984E-007   1.2618068801020165E-003
   0.0000000000000000        1.5096580968528690E-006   0.0000000000000000        7.7851048940829622E-007   1.4080148594343977E-003
   0.0000000000000000        1.6844743809378655E-006   0.0000000000000000        8.9158665349404439E-007   1.5711472030731923E-003
   0.0000000000000000        1.8795341448180519E-006   0.0000000000000000        1.0205400484481211E-006   1.7531861267790175E-003
   0.0000000000000000        2.0971815549786236E-006   0.0000000000000000        1.1707249163609032E-006   1.9563299629186829E-003
   0.0000000000000000        2.3400322290863833E-006   0.0000000000000000        1.3461430914319208E-006   2.1830287708050249E-003
   0.0000000000000000        2.6110046696547471E-006   0.0000000000000000        1.5508627148574342E-006   2.4359959561466196E-003
   0.0000000000000000        2.9133553376829275E-006   0.0000000000000000        1.7897375956124746E-006   2.7182566002009732E-003
   0.0000000000000000        3.2507177877732118E-006   0.0000000000000000        2.0707995911410348E-006   3.0332456869680492E-003
   0.0000000000000000        3.6271463350397644E-006   0.0000000000000000        2.4024928106232827E-006   3.3847636733631307E-003
   0.0000000000000000        4.0471647785840469E-006   0.0000000000000000        2.7911484792577852E-006   3.7770420570075293E-003
   0.0000000000000000        4.5158207670801578E-006   0.0000000000000000        3.2294494476904071E-006   4.2147601545786430E-003
   0.0000000000000000        5.0387464598184852E-006   0.0000000000000000        3.7389832290166664E-006   4.7032264201337147E-003
   0.0000000000000000        5.6222262122128771E-006   0.0000000000000000        4.3265804844406546E-006   5.2483134076572015E-003
   0.0000000000000000        6.2732720991943367E-006   0.0000000000000000        4.9849370186145035E-006   5.8566037294556315E-003
   0.0000000000000000        6.9997081841074903E-006   0.0000000000000000        5.6563591204889520E-006   6.5353804353743853E-003
   0.0000000000000000        7.8102645458267016E-006   0.0000000000000000        6.4286040542710034E-006   7.2929031397579933E-003
   0.0000000000000000        8.7146821940799974E-006   0.0000000000000000        7.4136010469281578E-006   8.1381898086020747E-003
   0.0000000000000000        9.7238301338199083E-006   0.0000000000000000        8.5889285522640823E-006   9.0815253464682378E-003
   0.0000000000000000        1.0849835985483801E-005   0.0000000000000000        9.9343710527220123E-006   1.0134199900487882E-002
   0.0000000000000000        1.2106231730896620E-005   0.0000000000000000        1.1505822990086215E-005   1.1308982415581637E-002
   0.0000000000000000        1.3508116336344128E-005   0.0000000000000000        1.3316017359077413E-005   1.2619973130319253E-002
   0.0000000000000000        1.5072337207169333E-005   0.0000000000000000        1.5425177285955778E-005   1.4083041869134444E-002
   0.0000000000000000        1.6817692654555889E-005   0.0000000000000000        1.7502234361585852E-005   1.5715627323702280E-002
   0.0000000000000000        1.8765157807680251E-005   0.0000000000000000        1.9845271582771599E-005   1.7537666961092980E-002
   0.0000000000000000        2.0938136686173253E-005   0.0000000000000000        2.2708761476813743E-005   1.9571007984823901E-002
   0.0000000000000000        2.3362743462218171E-005   0.0000000000000000        2.6277782575307070E-005   2.1840111463220024E-002
   0.0000000000000000        2.6068116292404155E-005   0.0000000000000000        3.0433449314527091E-005   2.4372492702557598E-002
   0.0000000000000000        2.9086767490866730E-005   0.0000000000000000        3.5224686608966670E-005   2.7198582755583452E-002
   0.0000000000000000        3.2454974251985548E-005   0.0000000000000000        4.0175392242061782E-005   3.0352340149411544E-002
   0.0000000000000000        3.6213214618220819E-005   0.0000000000000000        4.5453204419222137E-005   3.3871989489222494E-002
   0.0000000000000000        4.0406653932411976E-005   0.0000000000000000        5.1643271056647661E-005   3.7800230109905984E-002
   0.0000000000000000        4.5085687620568394E-005   0.0000000000000000        5.9708803656734942E-005   4.2183685274794429E-002
   0.0000000000000000        5.0306546828143560E-005   0.0000000000000000        6.9198958650577985E-005   4.7076207082244900E-002
   0.0000000000000000        5.6131974188138052E-005   0.0000000000000000        8.0006435246701954E-005   5.2535932117634215E-002
   0.0000000000000000        6.2631977842198249E-005   0.0000000000000000        9.1336752830326772E-005   5.8629741487872970E-002
   0.0000000000000000        6.9884672776297655E-005   0.0000000000000000        1.0074079878250138E-004   6.5429533733024292E-002
   0.0000000000000000        7.7977219581906534E-005   0.0000000000000000        1.1467668196102996E-004   7.3018511164945760E-002
   0.0000000000000000        8.7006871924384758E-005   0.0000000000000000        1.3114391560170387E-004   8.1488743927174201E-002
   0.0000000000000000        9.7082145306740900E-005   0.0000000000000000        1.5173648607951193E-004   9.0941220787874102E-002
   0.0000000000000000        1.0832412117459078E-004   0.0000000000000000        1.7571986927994562E-004  0.10149129668846602     
   0.0000000000000000        1.2086790203463571E-004   0.0000000000000000        1.9756379624723462E-004  0.11326521147596212     
   0.0000000000000000        1.3486423507381371E-004   0.0000000000000000        2.2292113709822923E-004  0.12640453643850399     
   0.0000000000000000        1.5048132379126474E-004   0.0000000000000000        2.5324525146747155E-004  0.14106933572097347     
   0.0000000000000000        1.6790684941472907E-004   0.0000000000000000        2.8918425442958076E-004  0.15743760942864474     
   0.0000000000000000        1.8735022639412125E-004   0.0000000000000000        3.3454626151292050E-004  0.17570425246917920     
   0.0000000000000000        2.0904511907808706E-004   0.0000000000000000        3.8343423867056697E-004  0.19609172496218807     
   0.0000000000000000        2.3325224981816649E-004   0.0000000000000000        4.3372506692050450E-004  0.21884555391543972     
   0.0000000000000000        2.6026253224746754E-004   0.0000000000000000        4.9486378597694944E-004  0.24424346821113938     
   0.0000000000000000        2.9040056738860464E-004   0.0000000000000000        5.7272303610144933E-004  0.27258813518884828     
   0.0000000000000000        3.2402854460601699E-004   0.0000000000000000        6.4545921385432154E-004  0.30422317780229524     
   0.0000000000000000        3.6155059428307976E-004   0.0000000000000000        7.0799672673007370E-004  0.33950627308927223     
   0.0000000000000000        4.0341764453310076E-004   0.0000000000000000        7.7323859824807682E-004  0.37885599958069754     
   0.0000000000000000        4.5013284031061992E-004   0.0000000000000000        8.4193320525079380E-004  0.42277103679803085     
   0.0000000000000000        5.0225759004817383E-004   0.0000000000000000        9.1347530852334681E-004  0.47178216495641162     
   0.0000000000000000        5.6041831248509295E-004   0.0000000000000000        9.8694333649106993E-004  0.52648214818250894     
   0.0000000000000000        6.2531396476958264E-004   0.0000000000000000        1.0610024223814041E-003  0.58753303964343129     
   0.0000000000000000        6.9772444230443661E-004   0.0000000000000000        1.1337814314943443E-003  0.65567436383250743     
   0.0000000000000000        7.7851995128306694E-004   0.0000000000000000        1.2027173450523544E-003  0.73173228523781164     
   0.0000000000000000        8.6867146655202543E-004   0.0000000000000000        1.2643587116268359E-003  0.81662988714238360     
   0.0000000000000000        9.6926240047929169E-004   0.0000000000000000        1.3141178125635558E-003  0.91139870096927522     
   0.0000000000000000        1.0815016230610970E-003   0.0000000000000000        1.3459586135163991E-003   1.0171916457503318     
   0.0000000000000000        1.2067379897388027E-003   0.0000000000000000        1.3520043648060779E-003   1.1352975593947814     
   0.0000000000000000        1.3464765515165400E-003   0.0000000000000000        1.4467070608657738E-003   1.2669986956857440     
   0.0000000000000000        1.5023966421876683E-003   0.0000000000000000        1.6375414873857569E-003   1.4138804629104227     
   0.0000000000000000        1.6763720600366154E-003   0.0000000000000000        1.8561848306305139E-003   1.5778113828581002     
   0.0000000000000000        1.8704935865534061E-003   0.0000000000000000        2.1072564480130291E-003   1.7607756341134588     
   0.0000000000000000        2.0870941127836525E-003   0.0000000000000000        2.4085716841600515E-003   1.9649159128814249     
   0.0000000000000000        2.3287766752745354E-003   0.0000000000000000        2.7607467285224361E-003   2.1927438192059712     
   0.0000000000000000        2.5984457385438879E-003   0.0000000000000000        3.1716537526106548E-003   2.4470257633638219     
   0.0000000000000000        2.8993421000152019E-003   0.0000000000000000        3.6509466434583053E-003   2.7307719234165959     
   0.0000000000000000        3.2350818368950063E-003   0.0000000000000000        4.2125574055297144E-003   3.0474407593040413     
   0.0000000000000000        3.6096997630438612E-003   0.0000000000000000        4.8730644034558302E-003   3.4008885707138492     
   0.0000000000000000        4.0276979180918927E-003   0.0000000000000000        5.6321318160320825E-003   3.7952819858266902     
   0.0000000000000000        4.4940996715256854E-003   0.0000000000000000        6.5268189187404572E-003   4.2354865564760029     
   0.0000000000000000        5.0145100919523518E-003   0.0000000000000000        7.5516251430137703E-003   4.7267285274039832     
   0.0000000000000000        5.5951833070394495E-003   0.0000000000000000        8.7320416353375806E-003   5.2749467370354699     
   0.0000000000000000        6.2430976636411936E-003   0.0000000000000000        1.0124108172187722E-002   5.8868609251105228     
   0.0000000000000000        6.9660395913615615E-003   0.0000000000000000        1.1770699089721561E-002   6.5698992025440335     
   0.0000000000000000        7.7726971774000524E-003   0.0000000000000000        1.3671747552263191E-002   7.3322221533850733     
   0.0000000000000000        8.6727645772329328E-003   0.0000000000000000        1.5799581234507511E-002   8.1828622724266378     
   0.0000000000000000        9.6770585159045384E-003   0.0000000000000000        1.8307261418888700E-002   9.1323922122969421     
   0.0000000000000000        1.0797648280004200E-002   0.0000000000000000        2.1271469020508856E-002   10.192358066098757     
   0.0000000000000000        1.2048000762531277E-002   0.0000000000000000        2.4603397382802730E-002   11.375207690652903     
   0.0000000000000000        1.3443142303751515E-002   0.0000000000000000        2.8427447162365921E-002   12.695396067385401     
   0.0000000000000000        1.4999839272996928E-002   0.0000000000000000        3.2933200553668336E-002   14.169184475421121     
   0.0000000000000000        1.6736799561584099E-002   0.0000000000000000        3.8112515899746388E-002   15.814140179462555     
   0.0000000000000000        1.8674897408328988E-002   0.0000000000000000        4.3980688452628411E-002   17.649935533676068     
   0.0000000000000000        2.0837424259540105E-002   0.0000000000000000        5.0884821811737396E-002   19.699425777826974     
   0.0000000000000000        2.3250368678246047E-002   0.0000000000000000        5.8855342887787820E-002   21.986991284616323     
   0.0000000000000000        2.5942728666517815E-002   0.0000000000000000        6.8026910620679171E-002   24.540188395588682     
   0.0000000000000000        2.8946860154276759E-002   0.0000000000000000        7.8837817758099199E-002   27.390790126694107     
   0.0000000000000000        3.2298865842616334E-002   0.0000000000000000        9.1443118463224962E-002   30.571881884346240     
   0.0000000000000000        3.6039029074633432E-002   0.0000000000000000       0.10631851911389686        34.123195685040962     
   0.0000000000000000        4.0212297947891822E-002   0.0000000000000000       0.12396667006059897        38.088474256890962     
   0.0000000000000000        4.4868825486427781E-002   0.0000000000000000       0.14536170484989350        42.514844476227104     
   0.0000000000000000        5.0064572363914275E-002   0.0000000000000000       0.17151647055768937        47.455566307648425     
   0.0000000000000000        5.5861979421319596E-002   0.0000000000000000       0.20298389271222556        52.972719739269493     
   0.0000000000000000        6.2330718061165004E-002   0.0000000000000000       0.24097600289224383        59.134050909671316     
   0.0000000000000000        6.9548527536381827E-002   0.0000000000000000       0.28916527495801297        66.012004851756231     
   0.0000000000000000        7.7602149196040471E-002   0.0000000000000000       0.35467180160334455        73.693390881831931     
   0.0000000000000000        8.6588368915420724E-002   0.0000000000000000       0.46482006911297646        82.274005767040833     
   0.0000000000000000        9.6615180238017767E-002   0.0000000000000000       0.57720909879834614        91.861146944854355     
   0.0000000000000000       0.10780308220775664        0.0000000000000000       0.72746899539241894        102.57350471458838     
   0.0000000000000000       0.12028652748835127        0.0000000000000000       0.93096276886917873        114.54654407952972     
   0.0000000000000000       0.13421553817284851        0.0000000000000000        1.2106249493752808        127.93374822313446     
   0.0000000000000000       0.14975750870164439        0.0000000000000000        1.5976748734298896        142.90923015959453     
   0.0000000000000000       0.16709921755587082        0.0000000000000000        2.1377302039274548        159.67201474036315     
   0.0000000000000000       0.18644907190204646        0.0000000000000000        2.8934559079509157        178.44979816315976     
   0.0000000000000000       0.20803961216342112        0.0000000000000000        3.9550729737560788        199.50595178733684     
   0.0000000000000000       0.23213030661715847        0.0000000000000000        5.4488937935838866        223.14640103041887     
   0.0000000000000000       0.25901066960194197        0.0000000000000000        7.5453740248662360        249.73002940518688     
   0.0000000000000000       0.28900374080963481        0.0000000000000000        10.530696883721756        279.68119216622563     
   0.0000000000000000       0.32246996747402090        0.0000000000000000        14.914425620165794        313.52088008550021     
   0.0000000000000000       0.35981153611154015        0.0000000000000000        21.355521108834026        351.89322713025609     
   0.0000000000000000       0.40147720587150848        0.0000000000000000        30.901368594961017        395.62331163429661     
   0.0000000000000000       0.44796770158149463        0.0000000000000000        44.969677592530545        445.76212398646425     
   0.0000000000000000       0.49984173129976522        0.0000000000000000        65.596048402240882        503.68225402073676     
   0.0000000000000000       0.55772270069183849        0.0000000000000000        95.718942129729882        571.21495105539418     
   0.0000000000000000       0.62230620492239797        0.0000000000000000        139.42455218936624        650.77097591166648     
   0.0000000000000000       0.69436838809775348        0.0000000000000000        202.60549299903653        745.65176918658244     
   0.0000000000000000       0.77477527071997698        0.0000000000000000        293.33934392350289        860.29496178309046     
   0.0000000000000000       0.86449315724711018        0.0000000000000000        423.21162598269564        1000.8171059738768     
   0.0000000000000000       0.96460024883420292        0.0000000000000000        608.04370920246981        1175.5921894759840     
   0.0000000000000000        1.0762996008134298        0.0000000000000000        869.91832759989131        1396.1357159108950     
   0.0000000000000000        1.2009335806321773        0.0000000000000000        1239.2319420100557        1678.2873223346721     
   0.0000000000000000        1.3400000000000241        0.0000000000000000        1757.8588044443254        2043.9130108132667     
