4.444e-12    6.303e-25    4.385e-12
4.472e-12    6.303e-24    4.407e-12
4.613e-12    6.303e-23    4.547e-12
6.568e-12    7.551e-22    6.472e-12
9.302e-12    8.737e-21    9.150e-12
2.556e-11    1.061e-19    2.516e-11
1.193e-10    3.632e-18    1.183e-10
6.511e-10    1.186e-16    6.416e-10
5.915e-09    6.081e-15    5.825e-09
1.485e-08    3.100e-14    1.463e-08
3.732e-08    1.517e-13    3.675e-08
9.373e-08    7.183e-13    9.228e-08
2.355e-07    3.286e-12    2.319e-07
5.914e-07    1.447e-11    5.825e-07
1.485e-06    6.088e-11    1.463e-06
3.732e-06    2.441e-10    3.676e-06
4.698e-06    3.282e-10    4.627e-06
9.373e-06    8.955e-10    9.233e-06
1.870e-05    2.392e-09    1.842e-05
3.732e-05    6.278e-09    3.676e-05
7.445e-05    1.625e-08    7.337e-05
1.485e-04    4.166e-08    1.464e-04
1.870e-04    5.453e-08    1.843e-04
2.964e-04    1.017e-07    2.922e-04
4.698e-04    1.890e-07    4.631e-04
5.914e-04    2.577e-07    5.830e-04
7.445e-04    3.143e-07    7.342e-04
9.373e-04    4.281e-07    9.245e-04
1.485e-03    7.938e-07    1.465e-03
2.355e-03    1.470e-06    2.323e-03
3.732e-03    2.722e-06    3.683e-03
4.698e-03    3.533e-06    4.637e-03
5.914e-03    4.807e-06    5.836e-03
7.445e-03    6.540e-06    7.353e-03
9.373e-03    8.893e-06    9.256e-03
1.180e-02    1.209e-05    1.166e-02
1.485e-02    1.562e-05    1.468e-02
1.870e-02    2.124e-05    1.848e-02
2.355e-02    2.888e-05    2.328e-02
2.964e-02    3.713e-05    2.931e-02
3.732e-02    5.048e-05    3.692e-02
4.698e-02    6.865e-05    4.649e-02
5.914e-02    9.330e-05    5.852e-02
7.445e-02    1.269e-04    7.376e-02
9.373e-02    1.621e-04    9.284e-02
1.038e-01    1.805e-04    1.029e-01
1.180e-01    2.053e-04    1.169e-01
1.485e-01    2.791e-04    1.473e-01
1.870e-01    3.630e-04    1.855e-01
2.417e-01    4.871e-04    2.398e-01
2.509e-01    4.924e-04    2.488e-01
2.937e-01    5.212e-04    2.917e-01
3.712e-01    5.678e-04    3.688e-01
4.471e-01    6.135e-04    4.443e-01
5.461e-01    6.759e-04    5.427e-01
6.711e-01    7.601e-04    6.673e-01
8.255e-01    8.731e-04    8.207e-01
9.396e-01    5.944e-04    9.390e-01
3.758e-00    5.799e-03    3.762e-00 
7.517e-00    1.166e-02    7.530e-00 
11.27e-00    2.085e-02    11.30e-00 
15.03e-00    3.216e-02    15.08e-00 
18.79e-00    4.515e-02    18.86e-00 
22.55e-00    5.961e-02    22.64e-00 
26.31e-00    7.544e-02    26.42e-00 
30.07e-00    9.260e-02    30.21e-00 
33.82e-00    1.110e-01    34.00e-00 
37.58e-00    1.308e-01    37.79e-00 
41.34e-00    1.518e-01    41.58e-00 
45.10e-00    1.742e-01    45.38e-00 
48.86e-00    1.980e-01    49.18e-00 
52.62e-00    2.231e-01    52.98e-00 
56.37e-00    2.497e-01    56.78e-00 
60.13e-00    2.777e-01    60.58e-00 
63.89e-00    3.073e-01    64.38e-00 
67.65e-00    3.385e-01    68.19e-00 
71.41e-00    3.713e-01    72.00e-00 
75.17e-00    4.054e-01    75.81e-00 