0.5792    87.07    0.447    87.90
0.7124    107.1    0.716    108.2
0.7861    118.1    0.909    119.5
0.8646    129.9    1.154    131.5
0.9483    142.5    1.464    144.4
1.0371    155.9    1.851    158.0
1.1000    165.3    2.163    167.8
1.2000    180.4    2.465    183.3
1.3000    195.4    2.780    198.8
1.4000    210.5    3.106    214.3
1.5000    225.5    3.445    229.8
1.6000    240.5    3.795    245.4
1.7000    255.6    4.157    261.0
1.8000    270.6    4.529    276.6
1.9000    285.6    4.911    292.2
2.0000    300.7    5.304    307.9
2.1000    315.7    5.707    323.5
2.2000    330.7    6.119    339.2
2.3000    345.8    6.541    354.9
2.4000    360.8    6.972    370.6
2.5000    375.8    7.413    386.4
2.6000    390.9    9.379    402.2
2.7000    405.9    11.76    418.0
2.8000    420.9    14.63    434.0
2.9000    436.0    18.06    450.1
3.0000    451.0    22.13    466.3
3.1000    466.0    26.94    482.7
3.2000    481.1    32.60    499.2
3.3000    496.1    39.21    515.9