3.850549750716258750e+14 4.140150897160270643e+20 3.728822694080713125e+14 2.611592271818870548e-01
3.879573995068391875e+14 6.772894482157596397e+32 3.756957481367598125e+14 2.745875860192129592e-01
3.908598239420523750e+14 1.390409965065429337e+33 3.785150127653433750e+14 2.883417767556940015e-01
3.937622483772657500e+14 2.140399176378751605e+33 3.813403206434272500e+14 3.024222701359567944e-01
3.966646728124788125e+14 2.928311915604198615e+33 3.841719339071306250e+14 3.168293060419657969e-01
3.995670972476921875e+14 3.755220351588969602e+33 3.870101195146317500e+14 3.315628893819906331e-01
4.024695216829054375e+14 4.622214116358131061e+33 3.898551492817095625e+14 3.466227862963311424e-01
4.053719461181187500e+14 5.530400432893999790e+33 3.927072999172880000e+14 3.620085206963082891e-01
4.082743705533320000e+14 6.480904242915661678e+33 3.955668530589797500e+14 3.777193711523759712e-01
4.111767949885451875e+14 7.474868334658098508e+33 3.984340953086287500e+14 3.937543681464980572e-01
4.140792194237584375e+14 8.513453470651679659e+33 4.013093182678545625e+14 4.101122917031547743e-01
4.169816438589718125e+14 9.597838515501460685e+33 4.041928185735951875e+14 4.267916694124368471e-01
4.198840682941850000e+14 1.072922056366653206e+34 4.070848979336503125e+14 4.437907748577587519e-01
4.227864927293983750e+14 1.190881506723944746e+34 4.099858631622256875e+14 4.611076264596640772e-01
4.256889171646113750e+14 1.313785596372537767e+34 4.128960262154753125e+14 4.787399867460978564e-01
4.285913415998246875e+14 1.441759580382182246e+34 4.158157042270463125e+14 4.966853620583531193e-01
4.314937660350381250e+14 1.574930587919753740e+34 4.187452195436210000e+14 5.149410027006283697e-01
4.343961904702513125e+14 1.713427635027204858e+34 4.216848997604604375e+14 5.335039035398693175e-01
4.372986149054645000e+14 1.857381637399526653e+34 4.246350777569491250e+14 5.523708050611798592e-01
4.402010393406777500e+14 2.006925423162635306e+34 4.275960917321371875e+14 5.715381948826857572e-01
4.431034637758911875e+14 2.162193745651354265e+34 4.305682852402843750e+14 5.910023097323072738e-01
4.460058882111043750e+14 2.323323296187310846e+34 4.335520072264025625e+14 6.107591378873841181e-01
4.489083126463175625e+14 2.490452716856889089e+34 4.365476120618008750e+14 6.308044220766020338e-01
4.518107370815309375e+14 2.663722613289183081e+34 4.395554595796278125e+14 6.511336628421371397e-01
4.547131615167441250e+14 2.843275567433886865e+34 4.425759151104146250e+14 6.717421223583714962e-01
4.576155859519573750e+14 3.029256150339277966e+34 4.456093495176197500e+14 6.926248287020088101e-01
4.605180103871708125e+14 3.221810934930110992e+34 4.486561392331714375e+14 7.137765805668385699e-01
4.634204348223839375e+14 3.421088508785581330e+34 4.517166662930105625e+14 7.351919524148962104e-01
4.663228592575971250e+14 3.627239486917247797e+34 4.547913183726360000e+14 7.568653000542174825e-01
4.692252836928105000e+14 3.840416524546983428e+34 4.578804888226466250e+14 7.787907666319211497e-01
4.721277081280235625e+14 4.060774329884875067e+34 4.609845767042840625e+14 8.009622890298798703e-01
4.750301325632370000e+14 4.288469676907197670e+34 4.641039868249785625e+14 8.233736046488617788e-01
4.779325569984501875e+14 4.523661418134321284e+34 4.672391297738895000e+14 8.460182585656306209e-01
4.808349814336635625e+14 4.766510497408673351e+34 4.703904219574512500e+14 8.688896110462328570e-01
4.837374058688766875e+14 5.017179962672639695e+34 4.735582856349147500e+14 8.919808453974447104e-01
4.866398303040900000e+14 5.275834978746533746e+34 4.767431489538925625e+14 9.152849761372191528e-01
4.895422547393033125e+14 5.542642840106506746e+34 4.799454459859009375e+14 9.387948574638687038e-01
4.924446791745165625e+14 5.817772983662482850e+34 4.831656167619038750e+14 9.625031920027696808e-01
4.953471036097298125e+14 6.101397001536134814e+34 4.864041073078566875e+14 9.864025398084387275e-01
4.982495280449431875e+14 6.393688653838750850e+34 4.896613696802490625e+14 1.010485327599049077e+00
5.011519524801563125e+14 6.694823881449218606e+34 4.929378620016484375e+14 1.034743858199752564e+00
5.040543769153695000e+14 7.004980818791959358e+34 4.962340484962439375e+14 1.059170320170567559e+00
5.069568013505827500e+14 7.324339806614845582e+34 4.995503995253896250e+14 1.083756797594104038e+00
5.098592257857959375e+14 7.653083404767145286e+34 5.028873916231471875e+14 1.108495279998005012e+00
5.127616502210093125e+14 7.991396404977436820e+34 5.062455075318306250e+14 1.133377672386717716e+00
5.156640746562225625e+14 8.339465843631588257e+34 5.096252362375484375e+14 1.158395805357044450e+00
5.185664990914359375e+14 8.697481014550642685e+34 5.130270730057479375e+14 1.183541445271837356e+00
5.214689235266490625e+14 9.065633481768777297e+34 5.164515194167581875e+14 1.208806304466296444e+00
5.243713479618623750e+14 9.444117092311255097e+34 5.198990834013340000e+14 1.234182051461460317e+00
5.272737723970756875e+14 9.833127988972330486e+34 5.233702792761983750e+14 1.259660321159740581e+00
5.301761968322888750e+14 1.023286462309317976e+35 5.268656277795868125e+14 1.285232724997742881e+00
5.330786212675022500e+14 1.064352776733989247e+35 5.303856561067908125e+14 1.310890861032058208e+00
5.359810457027155000e+14 1.106532052848131522e+35 5.339308979457001250e+14 1.336626323934269056e+00
5.388834701379287500e+14 1.149844836016709468e+35 5.375018935123476250e+14 1.362430714872085558e+00
5.417858945731419375e+14 1.194311907570550480e+35 5.410991895864516250e+14 1.388295651254230156e+00
5.446883190083551250e+14 1.239954286084145473e+35 5.447233395469602500e+14 1.414212776317531395e+00
5.475907434435684375e+14 1.286793228653441751e+35 5.483749034075940625e+14 1.440173768535550680e+00
5.504931678787816875e+14 1.334850232173631629e+35 5.520544478523898125e+14 1.466170350829036462e+00
5.533955923139948750e+14 1.384147034616952859e+35 5.557625462712439375e+14 1.492194299559517434e+00
5.562980167492083125e+14 1.434705616310476882e+35 5.594997787954561875e+14 1.518237453288390659e+00
5.592004411844214375e+14 1.486548201213901144e+35 5.632667323332717500e+14 1.544291721285015573e+00
5.621028656196348750e+14 1.539697258197350996e+35 5.670640006054271250e+14 1.570349091768453720e+00
5.650052900548480000e+14 1.594175502319162228e+35 5.708921841806907500e+14 1.596401639868687994e+00
5.679077144900612500e+14 1.650005896103686113e+35 5.747518905114090000e+14 1.622441535294398163e+00
5.708101389252745000e+14 1.707211650819070277e+35 5.786437339690476250e+14 1.648461049695560510e+00
5.737125633604878750e+14 1.765816227755064479e+35 5.825683358797361250e+14 1.674452563710444153e+00
5.766149877957011250e+14 1.825843339500805725e+35 5.865263245598111250e+14 1.700408573687778535e+00
5.795174122309143750e+14 1.887316951222610585e+35 5.905183353513593750e+14 1.726321698076168865e+00
5.824198366661275000e+14 1.950261281941780412e+35 5.945450106577620000e+14 1.752184683474054649e+00
5.853222611013408750e+14 2.014700805812384063e+35 5.986069999792372500e+14 1.777990410334749249e+00
5.882246855365541250e+14 2.080660253399050580e+35 6.027049599483836250e+14 1.803731898322327609e+00
5.911271099717672500e+14 2.148164612954769616e+35 6.068395543657241250e+14 1.829402311315317275e+00
5.940295344069807500e+14 2.217239131698687438e+35 6.110114542352497500e+14 1.854994962056299546e+00
5.969319588421937500e+14 2.287909317093878947e+35 6.152213377999612500e+14 1.880503316446688444e+00
5.998343832774072500e+14 2.360200938125173558e+35 6.194698905774153750e+14 1.905920997487035251e+00
6.027368077126203750e+14 2.434140026576925751e+35 6.237578053952651250e+14 1.931241788864249465e+00
6.056392321478337500e+14 2.509752878310813280e+35 6.280857824268062500e+14 1.956459638188155825e+00
6.085416565830468750e+14 2.587066054543632439e+35 6.324545292265178750e+14 1.981568659880772909e+00
6.114440810182602500e+14 2.666106383125097013e+35 6.368647607656082500e+14 2.006563137722583434e+00
6.143465054534736250e+14 2.746900959815620259e+35 6.413171994675566250e+14 2.031437527060950821e+00
6.172489298886867500e+14 2.829477149564114596e+35 6.458125752436570000e+14 2.056186456686643016e+00
6.201513543239000000e+14 2.913862587785789082e+35 6.503516255285625000e+14 2.080804730385153789e+00
6.230537787591131250e+14 3.000085181639939513e+35 6.549350953158273750e+14 2.105287328170231120e+00
6.259562031943265000e+14 3.088173111307733722e+35 6.595637371934518750e+14 2.129629407207640490e+00
6.288586276295397500e+14 3.178154831270020124e+35 6.642383113794237500e+14 2.153826302437786389e+00
6.317610520647528750e+14 3.270059071585113022e+35 6.689595857572641250e+14 2.177873526906322521e+00
6.346634764999663750e+14 3.363914839166583435e+35 6.737283359115690000e+14 2.201766771812362133e+00
6.375659009351795000e+14 3.459751419061053998e+35 6.785453451635528750e+14 2.225501906284299114e+00
6.404683253703927500e+14 3.557598375726003816e+35 6.834114046065936250e+14 2.249074976893623123e+00
6.433707498056061250e+14 3.657485554307541219e+35 6.883273131417742500e+14 2.272482206917377567e+00
6.462731742408193750e+14 3.759443081918214156e+35 6.932938775134270000e+14 2.295719995360200105e+00
6.491755986760326250e+14 3.863501368914799919e+35 6.983119123446768750e+14 2.318784915747071906e+00
6.520780231112458750e+14 3.969691110176102990e+35 7.033822401729851250e+14 2.341673714698018660e+00
6.549804475464591250e+14 4.078043286380718948e+35 7.085056914856921250e+14 2.364383310296147567e+00
6.578828719816723750e+14 4.188589165284876581e+35 7.136831047555616250e+14 2.386910790260472925e+00
6.607852964168856250e+14 4.301360303000196628e+35 7.189153264763231250e+14 2.409253409934929202e+00
6.636877208520990000e+14 4.416388545271497740e+35 7.242032111982168750e+14 2.431408590105026857e+00
6.665901452873121250e+14 4.533706028754575877e+35 7.295476215635346250e+14 2.453373914653484089e+00
6.694925697225252500e+14 4.653345182294030196e+35 7.349494283421668750e+14 2.475147128066115254e+00
6.723949941577387500e+14 4.775338728201016621e+35 7.404095104671427500e+14 2.496726132799065745e+00
6.752974185929518750e+14 4.899719683531064138e+35 7.459287550701747500e+14 2.518108986518393433e+00
6.781998430281651250e+14 5.026521361361876327e+35 7.515080575172035000e+14 2.539293899222743622e+00
6.811022674633786250e+14 5.155777372071097479e+35 7.571483214439387500e+14 2.560279230259677963e+00
6.840046918985917500e+14 5.287521624614128154e+35 7.628504587914042500e+14 2.581063485245985945e+00
6.869071163338050000e+14 5.421788327801913430e+35 7.686153898414812500e+14 2.601645312902019391e+00
6.898095407690182500e+14 5.558611991578738537e+35 7.744440432524516250e+14 2.622023501809843893e+00
6.927119652042315000e+14 5.698027428300012683e+35 7.803373560945408750e+14 2.642196977104671163e+00
6.956143896394447500e+14 5.840069754010063208e+35 7.862962738854622500e+14 2.662164797108767189e+00
6.985168140746580000e+14 5.984774389719953353e+35 7.923217506259600000e+14 2.681926149916685098e+00
7.014192385098712500e+14 6.132177062685233623e+35 7.984147488353521250e+14 2.701480349940324821e+00
7.043216629450845000e+14 6.282313807683780208e+35 8.045762395870750000e+14 2.720826834422041873e+00
7.072240873802977500e+14 6.435220968293558156e+35 8.108072025442257500e+14 2.739965159923612337e+00
7.101265118155111250e+14 6.590935198170421427e+35 8.171086259951061250e+14 2.758894998798555598e+00
7.130289362507242500e+14 6.749493462325907051e+35 8.234815068887661250e+14 2.777616135654963792e+00
7.159313606859375000e+14 6.910933038405036664e+35 8.299268508705467500e+14 2.796128463815611198e+00
7.188337851211506250e+14 7.075291517964106971e+35 8.364456723176240000e+14 2.814431981781775782e+00
7.217362095563641250e+14 7.242606807748469887e+35 8.430389943745530000e+14 2.832526789706865333e+00
7.246386339915772500e+14 7.412917130970337757e+35 8.497078489888091250e+14 2.850413085885568520e+00
7.275410584267906250e+14 7.586261028586583419e+35 8.564532769463337500e+14 2.868091163263930987e+00
7.304434828620038750e+14 7.762677360576521075e+35 8.632763279070768750e+14 2.885561405975386684e+00
7.333459072972172500e+14 7.942205307219694546e+35 8.701780604405398750e+14 2.902824285907485979e+00
7.362483317324305000e+14 8.124884370373700941e+35 8.771595420613201250e+14 2.919880359303673512e+00
7.391507561676437500e+14 8.310754374751940546e+35 8.842218492646536250e+14 2.936730263404207619e+00
7.420531806028566250e+14 8.499855469201453768e+35 8.913660675619582500e+14 2.953374713129966356e+00
7.449556050380701250e+14 8.692228127980682834e+35 8.985932915163788750e+14 2.969814497812591103e+00
7.478580294732833750e+14 8.887913152037289550e+35 9.059046247783280000e+14 2.986050477974115491e+00
7.507604539084966250e+14 9.086951670285915524e+35 9.133011801210311250e+14 3.002083582158972419e+00
7.536628783437098750e+14 9.289385140886007305e+35 9.207840794760696250e+14 3.017914803820954894e+00
7.565653027789232500e+14 9.495255352519607592e+35 9.283544539689250000e+14 3.033545198267469267e+00
7.594677272141365000e+14 9.704604425669124302e+35 9.360134439545206250e+14 3.048975879663154753e+00
7.623701516493498750e+14 9.917474813895145382e+35 9.437621990527665000e+14 3.064208018094713548e+00
7.652725760845630000e+14 1.013390930511423593e+36 9.516018781841020000e+14 3.079242836698531161e+00
7.681750005197762500e+14 1.035395102287671313e+36 9.595336496050406250e+14 3.094081608852476073e+00
7.710774249549896250e+14 1.057764342764444196e+36 9.675586909437110000e+14 3.108725655433035584e+00
7.739798493902026250e+14 1.080503031806864843e+36 9.756781892354020000e+14 3.123176342138757278e+00
7.768822738254160000e+14 1.103615583226769906e+36 9.838933409581068750e+14 3.137435076880755069e+00
7.797846982606293750e+14 1.127106444910490240e+36 9.922053520680651250e+14 3.151503307240868246e+00
7.826871226958425000e+14 1.150980098946627215e+36 1.000615438035305375e+15 3.165382517997909151e+00
7.855895471310558750e+14 1.175241061753838484e+36 1.009124823879191875e+15 3.179074228722238438e+00
7.884919715662690000e+14 1.199893884208607211e+36 1.017734744203963750e+15 3.192579991438765141e+00
7.913943960014821250e+14 1.224943151773032556e+36 1.026446443234282375e+15 3.205901388358374682e+00
7.942968204366953750e+14 1.250393484622603042e+36 1.035261174850772500e+15 3.219040029677574744e+00
7.971992448719087500e+14 1.276249537773976116e+36 1.044180202625566000e+15 3.231997551446085026e+00
8.001016693071221250e+14 1.302516001212760074e+36 1.053204799857846125e+15 3.244775613501972522e+00
8.030040937423355000e+14 1.329197600021288310e+36 1.062336249609389500e+15 3.257375897473811843e+00
8.059065181775486250e+14 1.356299094506401981e+36 1.071575844740109875e+15 3.269800104849262645e+00
8.088089426127621250e+14 1.383825280327231784e+36 1.080924887943603750e+15 3.282049955109369144e+00
8.117113670479750000e+14 1.411780988622975153e+36 1.090384691782690750e+15 3.294127183927801017e+00
8.146137914831883750e+14 1.440171086140672878e+36 1.099956578724959500e+15 3.306033541434175937e+00
8.175162159184016250e+14 1.469000475362993384e+36 1.109641881178309000e+15 3.317770790540548465e+00
8.204186403536148750e+14 1.498274094636006986e+36 1.119441941526493250e+15 3.329340705330071870e+00
8.233210647888282500e+14 1.527996918296971352e+36 1.129358112164665250e+15 3.340745069506806164e+00
8.262234892240413750e+14 1.558173956802100148e+36 1.139391755534917250e+15 3.351985674905572754e+00
8.291259136592548750e+14 1.588810256854358244e+36 1.149544244161829500e+15 3.363064320060730861e+00
8.320283380944677500e+14 1.619910901531226221e+36 1.159816960688007750e+15 3.373982808832714397e+00
8.349307625296813750e+14 1.651481010412490860e+36 1.170211297909633250e+15 3.384742949091109843e+00
8.378331869648946250e+14 1.683525739708015848e+36 1.180728658811999500e+15 3.395346551453068962e+00
8.407356114001076250e+14 1.716050282385522816e+36 1.191370456605058500e+15 3.405795428075793385e+00
8.436380358353210000e+14 1.749059868298382415e+36 1.202138114758968250e+15 3.416091391501826724e+00
8.465404602705341250e+14 1.782559764313368200e+36 1.213033067039627000e+15 3.426236253555860589e+00
8.494428847057476250e+14 1.816555274438467478e+36 1.224056757544226250e+15 3.436231824291776427e+00
8.523453091409608750e+14 1.851051739950632835e+36 1.235210640736787500e+15 3.446079910988602890e+00
8.552477335761740000e+14 1.886054539523584425e+36 1.246496181483709500e+15 3.455782317194097786e+00
8.581501580113876250e+14 1.921569089355569753e+36 1.257914855089310500e+15 3.465340841814641859e+00
8.610525824466008750e+14 1.957600843297156529e+36 1.269468147331369500e+15 3.474757278250124148e+00
8.639550068818137500e+14 1.994155292978998942e+36 1.281157554496672000e+15 3.484033413572554139e+00
8.668574313170272500e+14 2.031237967939638771e+36 1.292984583416556000e+15 3.493171027747070667e+00
8.697598557522401250e+14 2.068854435753258681e+36 1.304950751502448000e+15 3.502171892894080596e+00
8.726622801874536250e+14 2.107010302157483628e+36 1.317057586781415500e+15 3.511037772591250938e+00
8.755647046226670000e+14 2.145711211181146548e+36 1.329306627931702750e+15 3.519770421214089229e+00
8.784671290578801250e+14 2.184962845272066740e+36 1.341699424318277000e+15 3.528371583313880677e+00
8.813695534930936250e+14 2.224770925424848320e+36 1.354237536028375750e+15 3.536842993031731552e+00
8.842719779283067500e+14 2.265141211308626135e+36 1.366922533907041000e+15 3.545186373547518421e+00
8.871744023635200000e+14 2.306079501394882814e+36 1.379755999592673500e+15 3.553403436562557971e+00
8.900768267987331250e+14 2.347591633085197926e+36 1.392739525552568000e+15 3.561495881814794817e+00
8.929792512339463750e+14 2.389683482839047027e+36 1.405874715118461000e+15 3.569465396625397080e+00
8.958816756691597500e+14 2.432360966301568824e+36 1.419163182522072500e+15 3.577313655475583776e+00
8.987841001043728750e+14 2.475630038431348872e+36 1.432606552930648500e+15 3.585042319612613326e+00
9.016865245395861250e+14 2.519496693628200317e+36 1.446206462482508000e+15 3.592653036683816303e+00
9.045889489747997500e+14 2.563966965860941984e+36 1.459964558322582000e+15 3.600147440397635012e+00
9.074913734100125000e+14 2.609046928795173810e+36 1.473882498637958500e+15 3.607527150210617872e+00
9.103937978452260000e+14 2.654742695921069977e+36 1.487961952693430250e+15 3.614793771039350734e+00
9.132962222804392500e+14 2.701060420681135464e+36 1.502204600867029750e+15 3.621948892996348146e+00
9.161986467156523750e+14 2.748006296598011278e+36 1.516612134685580750e+15 3.628994091148932455e+00
9.191010711508660000e+14 2.795586557402233954e+36 1.531186256860237500e+15 3.635930925300157490e+00
9.220034955860791250e+14 2.843807477160013345e+36 1.545928681322025250e+15 3.642760939790863350e+00
9.249059200212923750e+14 2.892675370401039043e+36 1.560841133257392750e+15 3.649485663321983431e+00
9.278083444565055000e+14 2.942196592246223935e+36 1.575925349143746500e+15 3.656106608796210633e+00
9.307107688917187500e+14 2.992377538535514460e+36 1.591183076785000500e+15 3.662625273178214069e+00
9.336131933269321250e+14 3.043224645955647155e+36 1.606616075347115000e+15 3.669043137372557606e+00
9.365156177621456250e+14 3.094744392167939427e+36 1.622226115393643000e+15 3.675361666118562187e+00
9.394180421973585000e+14 3.146943295936066762e+36 1.638014978921271500e+15 3.681582307901302364e+00
9.423204666325721250e+14 3.199827917253841692e+36 1.653984459395368500e+15 3.687706494878037145e+00
9.452228910677848750e+14 3.253404857472989822e+36 1.670136361785520250e+15 3.693735642819309106e+00
9.481253155029983750e+14 3.307680759430943554e+36 1.686472502601084500e+15 3.699671151064057639e+00
9.510277399382116250e+14 3.362662307578595682e+36 1.702994709926721000e+15 3.705514402488028214e+00
9.539301643734246250e+14 3.418356228108109061e+36 1.719704823457946750e+15 3.711266763484861730e+00
9.568325888086383750e+14 3.474769289080671370e+36 1.736604694536674000e+15 3.716929583959204475e+00
9.597350132438515000e+14 3.531908300554275277e+36 1.753696186186749000e+15 3.722504197331247600e+00
9.626374376790647500e+14 3.589780114711526327e+36 1.770981173149508000e+15 3.727991920552104155e+00
