5.775824626074387500e+14 6.391811911405330760e+20 5.593234041121068125e+14 2.611592271818870548e-01
5.819360992602587500e+14 1.015934172323664896e+33 5.635436222051397500e+14 2.745875860192127926e-01
5.862897359130785000e+14 2.085614947598144150e+33 5.677725191480150000e+14 2.883417767556938349e-01
5.906433725658985000e+14 3.210598764568109248e+33 5.720104809651407500e+14 3.024222701359566279e-01
5.949970092187183750e+14 4.392467873406297923e+33 5.762579008606960000e+14 3.168293060419659080e-01
5.993506458715381250e+14 5.632830527383439703e+33 5.805151792719475000e+14 3.315628893819905221e-01
6.037042825243581250e+14 6.933321174537197457e+33 5.847827239225642500e+14 3.466227862963309758e-01
6.080579191771780000e+14 8.295600649341002567e+33 5.890609498759320000e+14 3.620085206963082891e-01
6.124115558299980000e+14 9.721356364373521916e+33 5.933502795884696250e+14 3.777193711523758046e-01
6.167651924828178750e+14 1.121230250198712701e+34 5.976511429629432500e+14 3.937543681464978906e-01
6.211188291356377500e+14 1.277018020597748894e+34 6.019639774017818750e+14 4.101122917031545523e-01
6.254724657884577500e+14 1.439675777325218987e+34 6.062892278603927500e+14 4.267916694124367361e-01
6.298261024412776250e+14 1.609383084549978310e+34 6.106273469004755000e+14 4.437907748577583633e-01
6.341797390940973750e+14 1.786322260085916081e+34 6.149787947433383750e+14 4.611076264596637997e-01
6.385333757469172500e+14 1.970678394558809647e+34 6.193440393232131250e+14 4.787399867460980230e-01
6.428870123997372500e+14 2.162639370573274406e+34 6.237235563405697500e+14 4.966853620583532303e-01
6.472406490525570000e+14 2.362395881879630494e+34 6.281178293154313750e+14 5.149410027006282586e-01
6.515942857053770000e+14 2.570141452540812590e+34 6.325273496406907500e+14 5.335039035398696505e-01
6.559479223581968750e+14 2.786072456099288712e+34 6.369526166354238750e+14 5.523708050611797482e-01
6.603015590110166250e+14 3.010388134743953651e+34 6.413941375982057500e+14 5.715381948826857572e-01
6.646551956638365000e+14 3.243290618477029784e+34 6.458524278604262500e+14 5.910023097323074959e-01
6.690088323166566250e+14 3.484984944280966961e+34 6.503280108396038750e+14 6.107591378873843402e-01
6.733624689694763750e+14 3.735679075285335939e+34 6.548214180927013750e+14 6.308044220766017007e-01
6.777161056222965000e+14 3.995583919933777158e+34 6.593331893694418750e+14 6.511336628421369177e-01
6.820697422751162500e+14 4.264913351150828222e+34 6.638638726656220000e+14 6.717421223583710521e-01
6.864233789279360000e+14 4.543884225508910953e+34 6.684140242764296250e+14 6.926248287020083660e-01
6.907770155807558750e+14 4.832716402395163951e+34 6.729842088497567500e+14 7.137765805668383479e-01
6.951306522335758750e+14 5.131632763178360926e+34 6.775749994395157500e+14 7.351919524148953222e-01
6.994842888863957500e+14 5.440859230375873771e+34 6.821869775589541250e+14 7.568653000542175935e-01
7.038379255392156250e+14 5.760624786820478832e+34 6.868207332339698750e+14 7.787907666319211497e-01
7.081915621920353750e+14 6.091161494827315367e+34 6.914768650564262500e+14 8.009622890298800924e-01
7.125451988448553750e+14 6.432704515360795122e+34 6.961559802374677500e+14 8.233736046488615568e-01
7.168988354976753750e+14 6.785492127201481464e+34 7.008586946608343750e+14 8.460182585656306209e-01
7.212524721504952500e+14 7.149765746113013716e+34 7.055856329361768750e+14 8.688896110462327460e-01
7.256061088033151250e+14 7.525769944008958620e+34 7.103374284523722500e+14 8.919808453974444884e-01
7.299597454561350000e+14 7.913752468119796468e+34 7.151147234308388750e+14 9.152849761372187087e-01
7.343133821089547500e+14 8.313964260159756890e+34 7.199181689788512500e+14 9.387948574638687038e-01
7.386670187617747500e+14 8.726659475493720124e+34 7.247484251428557500e+14 9.625031920027689036e-01
7.430206554145947500e+14 9.152095502304191153e+34 7.296061609617851250e+14 9.864025398084383944e-01
7.473742920674145000e+14 9.590532980758119818e+34 7.344920545203733750e+14 1.010485327599048411e+00
7.517279287202343750e+14 1.004223582217381500e+35 7.394067930024726250e+14 1.034743858199751454e+00
7.560815653730545000e+14 1.050747122818793996e+35 7.443510727443662500e+14 1.059170320170567781e+00
7.604352020258742500e+14 1.098650970992227529e+35 7.493255992880845000e+14 1.083756797594104482e+00
7.647888386786941250e+14 1.147962510715072346e+35 7.543310874347210000e+14 1.108495279998005234e+00
7.691424753315140000e+14 1.198709460746615846e+35 7.593682612977461250e+14 1.133377672386717938e+00
7.734961119843337500e+14 1.250919876544738607e+35 7.644378543563225000e+14 1.158395805357044450e+00
7.778497486371538750e+14 1.304622152182596956e+35 7.695406095086220000e+14 1.183541445271837356e+00
7.822033852899736250e+14 1.359845022265315672e+35 7.746772791251372500e+14 1.208806304466296000e+00
7.865570219427933750e+14 1.416617563846688449e+35 7.798486251020006250e+14 1.234182051461459872e+00
7.909106585956132500e+14 1.474969198345849204e+35 7.850554189142972500e+14 1.259660321159740137e+00
7.952642952484333750e+14 1.534929693463976226e+35 7.902984416693803750e+14 1.285232724997741993e+00
7.996179319012532500e+14 1.596529165100983040e+35 7.955784841601861250e+14 1.310890861032057542e+00
8.039715685540733750e+14 1.659798079272197283e+35 8.008963469185503750e+14 1.336626323934268612e+00
8.083252052068931250e+14 1.724767254025064110e+35 8.062528402685213750e+14 1.362430714872085558e+00
8.126788418597126250e+14 1.791467861355823967e+35 8.116487843796771250e+14 1.388295651254229490e+00
8.170324785125328750e+14 1.859931429126218578e+35 8.170850093204403750e+14 1.414212776317531617e+00
8.213861151653526250e+14 1.930189842980162442e+35 8.225623551113910000e+14 1.440173768535550236e+00
8.257397518181727500e+14 2.002275348260447905e+35 8.280816717785848750e+14 1.466170350829036240e+00
8.300933884709926250e+14 2.076220551925429380e+35 8.336438194068662500e+14 1.492194299559516546e+00
8.344470251238125000e+14 2.152058424465716430e+35 8.392496681931843750e+14 1.518237453288390659e+00
8.388006617766322500e+14 2.229822301820852085e+35 8.449000984999077500e+14 1.544291721285015573e+00
8.431542984294523750e+14 2.309545887296025848e+35 8.505960009081407500e+14 1.570349091768453276e+00
8.475079350822721250e+14 2.391263253478743527e+35 8.563382762710363750e+14 1.596401639868687994e+00
8.518615717350920000e+14 2.475008844155528432e+35 8.621278357671136250e+14 1.622441535294397719e+00
8.562152083879117500e+14 2.560817476228604125e+35 8.679656009535713750e+14 1.648461049695560288e+00
8.605688450407315000e+14 2.648724341632594135e+35 8.738525038196040000e+14 1.674452563710443487e+00
8.649224816935515000e+14 2.738765009251208403e+35 8.797894868397165000e+14 1.700408573687778313e+00
8.692761183463715000e+14 2.830975426833912742e+35 8.857775030270391250e+14 1.726321698076167976e+00
8.736297549991913750e+14 2.925391922912671725e+35 8.918175159866431250e+14 1.752184683474054649e+00
8.779833916520112500e+14 3.022051208718574250e+35 8.979104999688557500e+14 1.777990410334749027e+00
8.823370283048311250e+14 3.120990380098574947e+35 9.040574399225753750e+14 1.803731898322327609e+00
8.866906649576508750e+14 3.222246919432155900e+35 9.102593315485862500e+14 1.829402311315317053e+00
8.910443016104710000e+14 3.325858697548031158e+35 9.165171813528746250e+14 1.854994962056299546e+00
8.953979382632908750e+14 3.431863975640821003e+35 9.228320066999422500e+14 1.880503316446688666e+00
8.997515749161105000e+14 3.540301407187759046e+35 9.292048358661226250e+14 1.905920997487035029e+00
9.041052115689307500e+14 3.651210039865389733e+35 9.356367080928980000e+14 1.931241788864249020e+00
9.084588482217506250e+14 3.764629317466217891e+35 9.421286736402093750e+14 1.956459638188155381e+00
9.128124848745702500e+14 3.880599081815447183e+35 9.486817938397767500e+14 1.981568659880772687e+00
9.171661215273902500e+14 3.999159574687642568e+35 9.552971411484123750e+14 2.006563137722582102e+00
9.215197581802103750e+14 4.120351439723429650e+35 9.619757992013348750e+14 2.031437527060950821e+00
9.258733948330298750e+14 4.244215724346166729e+35 9.687188628654852500e+14 2.056186456686641684e+00
9.302270314858498750e+14 4.370793881678681041e+35 9.755274382928435000e+14 2.080804730385152457e+00
9.345806681386697500e+14 4.500127772459908347e+35 9.824026429737411250e+14 2.105287328170230676e+00
9.389343047914896250e+14 4.632259666961601874e+35 9.893456057901777500e+14 2.129629407207640934e+00
9.432879414443096250e+14 4.767232246905032400e+35 9.963574670691357500e+14 2.153826302437786389e+00
9.476415780971296250e+14 4.905088607377669902e+35 1.003439378635896375e+15 2.177873526906322077e+00
9.519952147499495000e+14 5.045872258749877735e+35 1.010592503867353625e+15 2.201766771812361689e+00
9.563488514027691250e+14 5.189627128591577308e+35 1.017818017745329250e+15 2.225501906284298226e+00
9.607024880555892500e+14 5.336397563589004986e+35 1.025117106909890625e+15 2.249074976893623123e+00
9.650561247084092500e+14 5.486228331461308140e+35 1.032490969712661500e+15 2.272482206917376235e+00
9.694097613612288750e+14 5.639164622877319758e+35 1.039940816270140125e+15 2.295719995360199661e+00
9.737633980140487500e+14 5.795252053372201722e+35 1.047467868517015125e+15 2.318784915747071906e+00
9.781170346668690000e+14 5.954536665264152272e+35 1.055073360259477875e+15 2.341673714698018216e+00
9.824706713196883750e+14 6.117064929571072888e+35 1.062758537228537875e+15 2.364383310296146234e+00
9.868243079725083750e+14 6.282883747927310444e+35 1.070524657133342000e+15 2.386910790260472481e+00
9.911779446253286250e+14 6.452040454500296787e+35 1.078372989714485000e+15 2.409253409934929646e+00
9.955315812781482500e+14 6.624582817907244396e+35 1.086304816797325125e+15 2.431408590105026857e+00
9.998852179309683750e+14 6.800559043131867136e+35 1.094321432345302375e+15 2.453373914653484089e+00
1.004238854583788125e+15 6.980017773441041973e+35 1.102424142513250375e+15 2.475147128066115254e+00
1.008592491236607875e+15 7.163008092301526039e+35 1.110614265700714000e+15 2.496726132799065745e+00
1.012946127889427750e+15 7.349579525296594732e+35 1.118893132605262125e+15 2.518108986518393433e+00
1.017299764542247875e+15 7.539782042042811908e+35 1.127262086275805250e+15 2.539293899222743622e+00
1.021653401195067750e+15 7.733666058106643636e+35 1.135722482165908000e+15 2.560279230259677519e+00
1.026007037847887625e+15 7.931282436921191493e+35 1.144275688187106250e+15 2.581063485245985500e+00
1.030360674500707375e+15 8.132682491702871252e+35 1.152923084762221750e+15 2.601645312902019391e+00
1.034714311153527125e+15 8.337917987368104854e+35 1.161666064878677000e+15 2.622023501809843893e+00
1.039067947806347375e+15 8.547041142450021238e+35 1.170506034141811500e+15 2.642196977104671163e+00
1.043421584459167000e+15 8.760104631015089277e+35 1.179444410828193250e+15 2.662164797108766301e+00
1.047775221111986875e+15 8.977161584579927816e+35 1.188482625938939750e+15 2.681926149916685098e+00
1.052128857764806625e+15 9.198265594027853016e+35 1.197622123253028000e+15 2.701480349940324821e+00
1.056482494417626750e+15 9.423470711525673632e+35 1.206864359380612500e+15 2.720826834422042761e+00
1.060836131070446500e+15 9.652831452440335758e+35 1.216210803816338500e+15 2.739965159923612337e+00
1.065189767723266500e+15 9.886402797255635461e+35 1.225662938992659250e+15 2.758894998798556042e+00
1.069543404376086375e+15 1.012424019348885467e+36 1.235222260333149000e+15 2.777616135654963792e+00
1.073897041028906125e+15 1.036639955760755204e+36 1.244890276305819750e+15 2.796128463815611198e+00
1.078250677681726250e+15 1.061293727694616341e+36 1.254668508476436500e+15 2.814431981781775782e+00
1.082604314334546000e+15 1.086391021162270262e+36 1.264558491561829500e+15 2.832526789706865333e+00
1.086957950987366250e+15 1.111937569645550516e+36 1.274561773483214000e+15 2.850413085885568520e+00
1.091311587640186000e+15 1.137939154287986849e+36 1.284679915419500750e+15 2.868091163263929655e+00
1.095665224293006250e+15 1.164401604086478383e+36 1.294914491860615750e+15 2.885561405975386684e+00
1.100018860945825500e+15 1.191330796082953223e+36 1.305267090660809250e+15 2.902824285907485535e+00
1.104372497598645500e+15 1.218732655556054772e+36 1.315739313091980000e+15 2.919880359303673512e+00
1.108726134251465375e+15 1.246613156212791156e+36 1.326332773896980500e+15 2.936730263404207619e+00
1.113079770904285500e+15 1.274978320380218434e+36 1.337049101342938250e+15 2.953374713129968132e+00
1.117433407557105125e+15 1.303834219197103163e+36 1.347889937274568250e+15 2.969814497812591547e+00
1.121787044209925000e+15 1.333186972805593064e+36 1.358856937167491750e+15 2.986050477974115491e+00
1.126140680862745000e+15 1.363042750542886812e+36 1.369951770181546500e+15 3.002083582158972419e+00
1.130494317515564750e+15 1.393407771132900727e+36 1.381176119214104250e+15 3.017914803820955338e+00
1.134847954168385000e+15 1.424288302877941360e+36 1.392531680953387750e+15 3.033545198267468823e+00
1.139201590821204750e+15 1.455690663850368645e+36 1.404020165931781000e+15 3.048975879663154309e+00
1.143555227474024500e+15 1.487621222084271734e+36 1.415643298579149500e+15 3.064208018094713548e+00
1.147908864126844500e+15 1.520086395767135094e+36 1.427402817276153250e+15 3.079242836698531161e+00
1.152262500779664500e+15 1.553092653431507265e+36 1.439300474407561000e+15 3.094081608852476073e+00
1.156616137432484000e+15 1.586646514146664892e+36 1.451338036415565750e+15 3.108725655433035584e+00
1.160969774085304000e+15 1.620754547710296231e+36 1.463517283853102750e+15 3.123176342138758610e+00
1.165323410738124000e+15 1.655423374840154859e+36 1.475840011437160250e+15 3.137435076880754181e+00
1.169677047390944000e+15 1.690659667365735802e+36 1.488308028102097500e+15 3.151503307240868246e+00
1.174030684043764000e+15 1.726470148419941929e+36 1.500923157052958500e+15 3.165382517997910483e+00
1.178384320696583750e+15 1.762861592630758021e+36 1.513687235818788000e+15 3.179074228722238438e+00
1.182737957349403500e+15 1.799840826312910078e+36 1.526602116305945500e+15 3.192579991438764253e+00
1.187091594002223750e+15 1.837414727659548539e+36 1.539669664851423750e+15 3.205901388358375126e+00
1.191445230655043250e+15 1.875590226933904933e+36 1.552891762276159250e+15 3.219040029677574744e+00
1.195798867307863000e+15 1.914374306660965060e+36 1.566270303938349250e+15 3.231997551446085026e+00
1.200152503960683250e+15 1.953774001819140111e+36 1.579807199786769500e+15 3.244775613501972966e+00
1.204506140613503000e+15 1.993796400031931874e+36 1.593504374414083750e+15 3.257375897473812287e+00
1.208859777266323250e+15 2.034448641759602381e+36 1.607363767110165000e+15 3.269800104849262645e+00
1.213213413919143000e+15 2.075737920490846200e+36 1.621387331915405250e+15 3.282049955109368256e+00
1.217567050571962750e+15 2.117671482934461844e+36 1.635577037674036000e+15 3.294127183927800573e+00
1.221920687224782500e+15 2.160256629211008727e+36 1.649934868087438750e+15 3.306033541434175493e+00
1.226274323877602500e+15 2.203500713044490962e+36 1.664462821767463750e+15 3.317770790540548465e+00
1.230627960530422250e+15 2.247411141954011660e+36 1.679162912289740000e+15 3.329340705330071870e+00
1.234981597183242500e+15 2.291995377445456733e+36 1.694037168246997750e+15 3.340745069506806608e+00
1.239335233836062250e+15 2.337260935203148599e+36 1.709087633302375500e+15 3.351985674905572310e+00
1.243688870488882000e+15 2.383215385281535890e+36 1.724316366242743500e+15 3.363064320060730861e+00
1.248042507141701750e+15 2.429866352296838889e+36 1.739725441032011500e+15 3.373982808832714397e+00
1.252396143794521750e+15 2.477221515618735405e+36 1.755316946864449500e+15 3.384742949091108510e+00
1.256749780447341750e+15 2.525288609562023330e+36 1.771092988217998750e+15 3.395346551453068962e+00
1.261103417100161500e+15 2.574075423578284077e+36 1.787055684907587750e+15 3.405795428075793385e+00
1.265457053752981750e+15 2.623589802447573180e+36 1.803207172138452500e+15 3.416091391501826724e+00
1.269810690405801250e+15 2.673839646470051857e+36 1.819549600559440250e+15 3.426236253555860589e+00
1.274164327058621250e+15 2.724832911657699741e+36 1.836085136316339000e+15 3.436231824291776871e+00
1.278517963711441000e+15 2.776577609925950581e+36 1.852815961105181000e+15 3.446079910988603334e+00
1.282871600364260750e+15 2.829081809285374866e+36 1.869744272225563750e+15 3.455782317194098230e+00
1.287225237017081250e+15 2.882353634033355958e+36 1.886872282633966000e+15 3.465340841814641415e+00
1.291578873669900750e+15 2.936401264945733761e+36 1.904202220997053750e+15 3.474757278250123260e+00
1.295932510322720500e+15 2.991232939468497380e+36 1.921736331745007750e+15 3.484033413572553251e+00
1.300286146975540500e+15 3.046856951909455352e+36 1.939476875124833000e+15 3.493171027747071111e+00
1.304639783628360250e+15 3.103281653629886989e+36 1.957426127253672000e+15 3.502171892894081484e+00
1.308993420281180250e+15 3.160515453236225590e+36 1.975586380172123250e+15 3.511037772591250494e+00
1.313347056934000250e+15 3.218566816771719822e+36 1.993959941897554000e+15 3.519770421214089229e+00
1.317700693586820000e+15 3.277444267908100405e+36 2.012549136477415750e+15 3.528371583313880677e+00
1.322054330239640500e+15 3.337156388137272184e+36 2.031356304042564000e+15 3.536842993031731552e+00
1.326407966892460000e+15 3.397711816962939498e+36 2.050383800860561500e+15 3.545186373547519754e+00
1.330761603545279750e+15 3.459119252092323631e+36 2.069633999389010000e+15 3.553403436562557971e+00
1.335115240198099750e+15 3.521387449627797628e+36 2.089109288328852250e+15 3.561495881814796149e+00
1.339468876850919250e+15 3.584525224258568327e+36 2.108812072677690500e+15 3.569465396625396636e+00
1.343822513503739750e+15 3.648541449452354269e+36 2.128744773783109500e+15 3.577313655475584664e+00
1.348176150156559500e+15 3.713445057647020503e+36 2.148909829395972500e+15 3.585042319612613770e+00
1.352529786809379500e+15 3.779245040442299590e+36 2.169309693723762000e+15 3.592653036683815859e+00
1.356883423462199000e+15 3.845950448791410468e+36 2.189946837483871750e+15 3.600147440397634124e+00
1.361237060115019250e+15 3.913570393192761157e+36 2.210823747956938000e+15 3.607527150210616984e+00
1.365590696767839000e+15 3.982114043881602457e+36 2.231942929040144500e+15 3.614793771039349402e+00
1.369944333420658750e+15 4.051590631021702310e+36 2.253306901300544000e+15 3.621948892996347702e+00
1.374297970073478750e+15 4.122009444897016622e+36 2.274918202028371500e+15 3.628994091148932455e+00
1.378651606726299000e+15 4.193379836103350636e+36 2.296779385290356500e+15 3.635930925300157490e+00
1.383005243379118750e+15 4.265711215740020903e+36 2.318893021983038000e+15 3.642760939790863350e+00
1.387358880031938250e+15 4.339013055601557974e+36 2.341261699886089000e+15 3.649485663321983431e+00
1.391712516684758250e+15 4.413294888369337673e+36 2.363888023715620500e+15 3.656106608796211077e+00
1.396066153337578250e+15 4.488566307803269624e+36 2.386774615177500000e+15 3.662625273178213181e+00
1.400419789990398250e+15 4.564836968933472798e+36 2.409924113020672500e+15 3.669043137372558494e+00
1.404773426643218000e+15 4.642116588251906779e+36 2.433339173090463000e+15 3.675361666118561743e+00
1.409127063296037750e+15 4.720414943904098077e+36 2.457022468381907000e+15 3.681582307901302809e+00
1.413480699948858000e+15 4.799741875880759587e+36 2.480976689093052000e+15 3.687706494878037145e+00
1.417834336601678000e+15 4.880107286209483847e+36 2.505204542678281000e+15 3.693735642819309106e+00
1.422187973254497250e+15 4.961521139146413265e+36 2.529708753901626000e+15 3.699671151064057639e+00
1.426541609907317250e+15 5.043993461367892638e+36 2.554492064890081000e+15 3.705514402488028214e+00
1.430895246560137250e+15 5.127534342162164181e+36 2.579557235186920500e+15 3.711266763484861730e+00
1.435248883212957500e+15 5.212153933621007646e+36 2.604907041805011000e+15 3.716929583959204475e+00
1.439602519865777000e+15 5.297862450831412916e+36 2.630544279280123500e+15 3.722504197331247600e+00
1.443956156518597000e+15 5.384670172067288605e+36 2.656471759724262000e+15 3.727991920552105043e+00
