3.850549750716258750e+14 9.006644056980237844e+20 3.607095637445166875e+14 5.399449035812849962e-01
3.879573995068391875e+14 1.354578896431606613e+33 3.634340967666804375e+14 5.664928728224334353e-01
3.908598239420523750e+14 2.780819930130960708e+33 3.661702015886343125e+14 5.935465362859876359e-01
3.937622483772657500e+14 4.280798352757590831e+33 3.689183929095886875e+14 6.210960536836995782e-01
3.966646728124788125e+14 5.856623831208484852e+33 3.716791950017823750e+14 6.491309079292866269e-01
3.995670972476921875e+14 7.510440703178040661e+33 3.744531417815713750e+14 6.776399195326680003e-01
4.024695216829054375e+14 9.244428232716364733e+33 3.772407768805135625e+14 7.066112630489275181e-01
4.053719461181187500e+14 1.106080086578811487e+34 3.800426537164573125e+14 7.360324855391361387e-01
4.082743705533320000e+14 1.296180848583143865e+34 3.828593355646274375e+14 7.658905269887523737e-01
4.111767949885451875e+14 1.494973666931631461e+34 3.856913956287123125e+14 7.961717426181820212e-01
4.140792194237584375e+14 1.702690694130348844e+34 3.885394171119506875e+14 8.268619270092905094e-01
4.169816438589718125e+14 1.919567703100303666e+34 3.914039932882185000e+14 8.579463399612153873e-01
4.198840682941850000e+14 2.145844112733319325e+34 3.942857275731155000e+14 8.894097339790193457e-01
4.227864927293983750e+14 2.381763013447904250e+34 3.971852335950531250e+14 9.212363832894056026e-01
4.256889171646113750e+14 2.627571192745093057e+34 4.001031352663392500e+14 9.534101142691829844e-01
4.285913415998246875e+14 2.883519160764380171e+34 4.030400668542679375e+14 9.859143371643680487e-01
4.314937660350381250e+14 3.149861175839523159e+34 4.059966730522038750e+14 1.018732078970816524e+00
4.343961904702513125e+14 3.426855270054428623e+34 4.089736090506696875e+14 1.051846017341284245e+00
4.372986149054645000e+14 3.714763274799068987e+34 4.119715406084337500e+14 1.085238515378647017e+00
4.402010393406777500e+14 4.013850846325289521e+34 4.149911441235966875e+14 1.118891657170905551e+00
4.431034637758911875e+14 4.324387491302726055e+34 4.180331067046775625e+14 1.152787283920551742e+00
4.460058882111043750e+14 4.646646592374641983e+34 4.210981262417008125e+14 1.186907030518730588e+00
4.489083126463175625e+14 4.980905433713798469e+34 4.241869114772841875e+14 1.221232362413707140e+00
4.518107370815309375e+14 5.327445226578390142e+34 4.273001820777247500e+14 1.255744612623126866e+00
4.547131615167441250e+14 5.686551134867794020e+34 4.304386687040852500e+14 1.290425018740634533e+00
4.576155859519573750e+14 6.058512300678576223e+34 4.336031130832822500e+14 1.325254759789513459e+00
4.605180103871708125e+14 6.443621869860247809e+34 4.367942680791720625e+14 1.360214992778994381e+00
4.634204348223839375e+14 6.842177017571185718e+34 4.400128977636373125e+14 1.395286888822904858e+00
4.663228592575971250e+14 7.254478973834525109e+34 4.432597774876750000e+14 1.430451668685139843e+00
4.692252836928105000e+14 7.680833049093996371e+34 4.465356939524827500e+14 1.465690637622079295e+00
4.721277081280235625e+14 8.121548659769775959e+34 4.498414452805446250e+14 1.500985219398508042e+00
4.750301325632370000e+14 8.576939353814423011e+34 4.531778410867202500e+14 1.536316989360642982e+00
4.779325569984501875e+14 9.047322836268672082e+34 4.565457025493288750e+14 1.571667706457538838e+00
4.808349814336635625e+14 9.533020994817381751e+34 4.599458624812390625e+14 1.607019344110343528e+00
4.837374058688766875e+14 1.003435992534531075e+35 4.633791654009528125e+14 1.642354119837450943e+00
4.866398303040900000e+14 1.055166995749310623e+35 4.668464676036952500e+14 1.677654523552600585e+00
4.895422547393033125e+14 1.108528568021304485e+35 4.703486372324986250e+14 1.712903344462124444e+00
4.924446791745165625e+14 1.163554596732500444e+35 4.738865543492913125e+14 1.748083696496995243e+00
4.953471036097298125e+14 1.220279400307230652e+35 4.774611110059836250e+14 1.783179042224763755e+00
4.982495280449431875e+14 1.278737730767753675e+35 4.810732113155550625e+14 1.818173215195957537e+00
5.011519524801563125e+14 1.338964776289847411e+35 4.847237715231405625e+14 1.853050440688980949e+00
5.040543769153695000e+14 1.400996163758396299e+35 4.884137200771185625e+14 1.887795354826791616e+00
5.069568013505827500e+14 1.464867961322973175e+35 4.921439977001965625e+14 1.922393022047718114e+00
5.098592257857959375e+14 1.530616680953433853e+35 4.959155574604985000e+14 1.956828950921603694e+00
5.127616502210093125e+14 1.598279280995491976e+35 4.997293648426520625e+14 1.991089108310915012e+00
5.156640746562225625e+14 1.667893168726322447e+35 5.035863978188743750e+14 2.025159931884596975e+00
5.185664990914359375e+14 1.739496202910133702e+35 5.074876469200600625e+14 2.059028341000059825e+00
5.214689235266490625e+14 1.813126696353760625e+35 5.114341153068673750e+14 2.092681745976004759e+00
5.243713479618623750e+14 1.888823418462256185e+35 5.154268188408055625e+14 2.126108055785443263e+00
5.272737723970756875e+14 1.966625597794471262e+35 5.194667861553211250e+14 2.159295684204506571e+00
5.301761968322888750e+14 2.046572924618641486e+35 5.235550587268849375e+14 2.192233554458348888e+00
5.330786212675022500e+14 2.128705553467984028e+35 5.276926909460795000e+14 2.224911102410532582e+00
5.359810457027155000e+14 2.213064105696269684e+35 5.318807501886848750e+14 2.257318278346911011e+00
5.388834701379287500e+14 2.299689672033424470e+35 5.361203168867665625e+14 2.289445547409015180e+00
5.417858945731419375e+14 2.388623815141106862e+35 5.404124845997615000e+14 2.321283888735451217e+00
5.446883190083551250e+14 2.479908572168297586e+35 5.447583600855654375e+14 2.352824793372741752e+00
5.475907434435684375e+14 2.573586457306890143e+35 5.491590633716197500e+14 2.384060261019440574e+00
5.504931678787816875e+14 2.669700464347270268e+35 5.536157278259981250e+14 2.414982795669259996e+00
5.533955923139948750e+14 2.768294069233912727e+35 5.581295002284931875e+14 2.445585400220343875e+00
5.562980167492083125e+14 2.869411232620960774e+35 5.627015408417041250e+14 2.475861570118738975e+00
5.592004411844214375e+14 2.973096402427809298e+35 5.673330234821221250e+14 2.505805286104633378e+00
5.621028656196348750e+14 3.079394516394710108e+35 5.720251355912196250e+14 2.535411006129967948e+00
5.650052900548480000e+14 3.188351004638332573e+35 5.767790783065337500e+14 2.564673656515731537e+00
5.679077144900612500e+14 3.300011792207380343e+35 5.815960665327570000e+14 2.593588622416572953e+00
5.708101389252745000e+14 3.414423301638148671e+35 5.864773290128208750e+14 2.622151737659329296e+00
5.737125633604878750e+14 3.531632455510137074e+35 5.914241083989846250e+14 2.650359274020831712e+00
5.766149877957011250e+14 3.651686679001620305e+35 5.964376613239213750e+14 2.678207930008690063e+00
5.795174122309143750e+14 3.774633902445230025e+35 6.015192584718047500e+14 2.705694819207044688e+00
5.824198366661275000e+14 3.900522563883569678e+35 6.066701846493967500e+14 2.732817458247193798e+00
5.853222611013408750e+14 4.029401611624778456e+35 6.118917388571337500e+14 2.759573754460856954e+00
5.882246855365541250e+14 4.161320506798111490e+35 6.171852343602133750e+14 2.785961993271471204e+00
5.911271099717672500e+14 4.296329225909550300e+35 6.225519987596811250e+14 2.811980825376473980e+00
5.940295344069807500e+14 4.434478263397384469e+35 6.279933740635190000e+14 2.837629253770967974e+00
5.969319588421937500e+14 4.575818634187769699e+35 6.335107167577290000e+14 2.862906620660501389e+00
5.998343832774072500e+14 4.720401876250358922e+35 6.391053978774237500e+14 2.887812594308085234e+00
6.027368077126203750e+14 4.868280053153863308e+35 6.447788030779102500e+14 2.912347155857772485e+00
6.056392321478337500e+14 5.019505756621637628e+35 6.505323327057790000e+14 2.936510586174469140e+00
6.085416565830468750e+14 5.174132109087276684e+35 6.563674018699891250e+14 2.960303452736906760e+00
6.114440810182602500e+14 5.332212766250206570e+35 6.622854405129565000e+14 2.983726596618026861e+00
6.143465054534736250e+14 5.493801919631252324e+35 6.682878934816398750e+14 3.006781119584353679e+00
6.172489298886867500e+14 5.658954299128242473e+35 6.743762205986275000e+14 3.029468371343354338e+00
6.201513543239000000e+14 5.827725175571590708e+35 6.805518967332251250e+14 3.051789936965246142e+00
6.230537787591131250e+14 6.000170363279894521e+35 6.868164118725420000e+14 3.073747624503216258e+00
6.259562031943265000e+14 6.176346222615482939e+35 6.931712711925773750e+14 3.095343452833642317e+00
6.288586276295397500e+14 6.356309662540054269e+35 6.996179951293082500e+14 3.116579639735630014e+00
6.317610520647528750e+14 6.540118143170242277e+35 7.061581194497756250e+14 3.137458590226926081e+00
6.346634764999663750e+14 6.727829678333181627e+35 7.127931953231720000e+14 3.157982885171165766e+00
6.375659009351795000e+14 6.919502838122121278e+35 7.195247893919266250e+14 3.178155270169430668e+00
6.404683253703927500e+14 7.115196751452020914e+35 7.263544838427948750e+14 3.197978644747150323e+00
6.433707498056061250e+14 7.314971108615097196e+35 7.332838764779427500e+14 3.217456051845572595e+00
6.462731742408193750e+14 7.518886163836444545e+35 7.403145807860348750e+14 3.236590667625355522e+00
6.491755986760326250e+14 7.727002737829616070e+35 7.474482260133213750e+14 3.255385791588213173e+00
6.520780231112458750e+14 7.939382220352225165e+35 7.546864572347248750e+14 3.273844837021057774e+00
6.549804475464591250e+14 8.156086572761455605e+35 7.620309354249255000e+14 3.291971321765693848e+00
6.578828719816723750e+14 8.377178330569772347e+35 7.694833375294512500e+14 3.309768859315834533e+00
6.607852964168856250e+14 8.602720606000410965e+35 7.770453565357611250e+14 3.327241150242020051e+00
6.636877208520990000e+14 8.832777090543011712e+35 7.847187015443350000e+14 3.344391973943892538e+00
6.665901452873121250e+14 9.067412057509172414e+35 7.925050978397577500e+14 3.361225180728334649e+00
6.694925697225252500e+14 9.306690364588081052e+35 8.004062869618087500e+14 3.377744684210996606e+00
6.723949941577387500e+14 9.550677456402052427e+35 8.084240267765472500e+14 3.393954454037983570e+00
6.752974185929518750e+14 9.799439367062148937e+35 8.165600915473983750e+14 3.409858508923633735e+00
6.781998430281651250e+14 1.005304272272377184e+36 8.248162720062423750e+14 3.425460909999769488e+00
6.811022674633786250e+14 1.031155474414221709e+36 8.331943754244995000e+14 3.440765754471057480e+00
6.840046918985917500e+14 1.057504324922827992e+36 8.416962256842172500e+14 3.455777169570748875e+00
6.869071163338050000e+14 1.084357665560385047e+36 8.503236633491580000e+14 3.470499306810485241e+00
6.898095407690182500e+14 1.111722398315750364e+36 8.590785457358853750e+14 3.484936336517526989e+00
6.927119652042315000e+14 1.139605485660004898e+36 8.679627469848508750e+14 3.499092442652388613e+00
6.956143896394447500e+14 1.168013950802015003e+36 8.769781581314803750e+14 3.512971817899611882e+00
6.985168140746580000e+14 1.196954877943993179e+36 8.861266871772625000e+14 3.526578659024152351e+00
7.014192385098712500e+14 1.226435412537049381e+36 8.954102591608336250e+14 3.539917162485659130e+00
7.043216629450845000e+14 1.256462761536758403e+36 9.048308162290660000e+14 3.552991520302820394e+00
7.072240873802977500e+14 1.287044193658714287e+36 9.143903177081542500e+14 3.565805916159809463e+00
7.101265118155111250e+14 1.318187039634087089e+36 9.240907401747020000e+14 3.578364521746808080e+00
7.130289362507242500e+14 1.349898692465184067e+36 9.339340775268083750e+14 3.590671493326582198e+00
7.159313606859375000e+14 1.382186607681009989e+36 9.439223410551565000e+14 3.602730968519022081e+00
7.188337851211506250e+14 1.415058303592824051e+36 9.540575595140981250e+14 3.614547063295651785e+00
7.217362095563641250e+14 1.448521361549696929e+36 9.643417791927427500e+14 3.626123869176105963e+00
7.246386339915772500e+14 1.482583426194070503e+36 9.747770639860415000e+14 3.637465450618696305e+00
7.275410584267906250e+14 1.517252205717319340e+36 9.853654954658775000e+14 3.648575842597242769e+00
7.304434828620038750e+14 1.552535472115307462e+36 9.961091729521506250e+14 3.659459048356477506e+00
7.333459072972172500e+14 1.588441061443942156e+36 1.007010213583863250e+15 3.670119037338454238e+00
7.362483317324305000e+14 1.624976874074743435e+36 1.018070752390210750e+15 3.680559743272530770e+00
7.391507561676437500e+14 1.662150874950391356e+36 1.029292942361664250e+15 3.690785062421655383e+00
7.420531806028566250e+14 1.699971093840294000e+36 1.040678954521060750e+15 3.700798851977828985e+00
7.449556050380701250e+14 1.738445625596139813e+36 1.052230977994688500e+15 3.710604928599830377e+00
7.478580294732833750e+14 1.777582630407460862e+36 1.063951220083373250e+15 3.720207067086405139e+00
7.507604539084966250e+14 1.817390334057186647e+36 1.075841906333566125e+15 3.729608999178374518e+00
7.536628783437098750e+14 1.857877028177205003e+36 1.087905280608430250e+15 3.738814412483257854e+00
7.565653027789232500e+14 1.899051070503925355e+36 1.100143605158927625e+15 3.747826949516211315e+00
7.594677272141365000e+14 1.940920885133829288e+36 1.112559160694905500e+15 3.756650206851289031e+00
7.623701516493498750e+14 1.983494962779033209e+36 1.125154246456184125e+15 3.765287734377221973e+00
7.652725760845630000e+14 2.026781861022851317e+36 1.137931180283642250e+15 3.773743034652088824e+00
7.681750005197762500e+14 2.070790204575347054e+36 1.150892298690306000e+15 3.782019562351495168e+00
7.710774249549896250e+14 2.115528685528892524e+36 1.164039956932433250e+15 3.790120723805022074e+00
7.739798493902026250e+14 2.161006063613733523e+36 1.177376529080602250e+15 3.798049876615925857e+00
7.768822738254160000e+14 2.207231166453544535e+36 1.190904408090799000e+15 3.805810329359267996e+00
7.797846982606293750e+14 2.254212889820984906e+36 1.204626005875501750e+15 3.813405341353821587e+00
7.826871226958425000e+14 2.301960197893259152e+36 1.218543753374769250e+15 3.820838122503314338e+00
7.855895471310558750e+14 2.350482123507681690e+36 1.232660100627329000e+15 3.828111833202725744e+00
7.884919715662690000e+14 2.399787768417219144e+36 1.246977516841659750e+15 3.835229584305544392e+00
7.913943960014821250e+14 2.449886303546069835e+36 1.261498490467083750e+15 3.842194437148092945e+00
7.942968204366953750e+14 2.500786969245211398e+36 1.276225529264850750e+15 3.849009403627142056e+00
7.971992448719087500e+14 2.552499075547956955e+36 1.291161160379224250e+15 3.855677446327269831e+00
8.001016693071221250e+14 2.605032002425525165e+36 1.306307930408571500e+15 3.862201478694523793e+00
8.030040937423355000e+14 2.658395200042581637e+36 1.321668405476444750e+15 3.868584365253156854e+00
8.059065181775486250e+14 2.712598189012808684e+36 1.337245171302672250e+15 3.874828921862309095e+00
8.088089426127621250e+14 2.767650560654468880e+36 1.353040833274446750e+15 3.880937916009704836e+00
8.117113670479750000e+14 2.823561977245955619e+36 1.369058016517407750e+15 3.886914067139532580e+00
8.146137914831883750e+14 2.880342172281351659e+36 1.385299365966731750e+15 3.892760047011867286e+00
8.175162159184016250e+14 2.938000950725992672e+36 1.401767546438217750e+15 3.898478480091052578e+00
8.204186403536148750e+14 2.996548189272019875e+36 1.418465242699373250e+15 3.904071943960696345e+00
8.233210647888282500e+14 3.055993836593949198e+36 1.435395159540503750e+15 3.909542969762943798e+00
8.262234892240413750e+14 3.116347913604206790e+36 1.452560021845794250e+15 3.914894042659893714e+00
8.291259136592548750e+14 3.177620513708722981e+36 1.469962574664405500e+15 3.920127602315118143e+00
8.320283380944677500e+14 3.239821803062458345e+36 1.487605583281549000e+15 3.925246043393319617e+00
8.349307625296813750e+14 3.302962020824988804e+36 1.505491833289587250e+15 3.930251716076340163e+00
8.378331869648946250e+14 3.367051479416038190e+36 1.523624130659105750e+15 3.935146926593757311e+00
8.407356114001076250e+14 3.432100564771052126e+36 1.542005301810011000e+15 3.939933937766459948e+00
8.436380358353210000e+14 3.498119736596771324e+36 1.560638193682617000e+15 3.944614969561669682e+00
8.465404602705341250e+14 3.565119528626742892e+36 1.579525673808721500e+15 3.949192199657951985e+00
8.494428847057476250e+14 3.633110548876942039e+36 1.598670630382706750e+15 3.953667764018865771e+00
8.523453091409608750e+14 3.702103479901273935e+36 1.618075972332616250e+15 3.958043757473978186e+00
8.552477335761740000e+14 3.772109079047176523e+36 1.637744629391247000e+15 3.962322234306038027e+00
8.581501580113876250e+14 3.843138178711147181e+36 1.657679552167235000e+15 3.966505208843177144e+00
8.610525824466008750e+14 3.915201686594320142e+36 1.677883712216140000e+15 3.970594656055113969e+00
8.639550068818137500e+14 3.988310585958006738e+36 1.698360102111532500e+15 3.974592512152338664e+00
8.668574313170272500e+14 4.062475935879285215e+36 1.719111735516086500e+15 3.978500675187387703e+00
8.697598557522401250e+14 4.137708871506525036e+36 1.740141647252657750e+15 3.982321005657321500e+00
8.726622801874536250e+14 4.214020604314976111e+36 1.761452893375380000e+15 3.986055327106635904e+00
8.755647046226670000e+14 4.291422422362300180e+36 1.783048551240740500e+15 3.989705426729830418e+00
8.784671290578801250e+14 4.369925690544141744e+36 1.804931719578676000e+15 3.993273055972949237e+00
8.813695534930936250e+14 4.449541850849704313e+36 1.827105518563659750e+15 3.996759931133469390e+00
8.842719779283067500e+14 4.530282422617261715e+36 1.849573089885777750e+15 4.000167733957911587e+00
8.871744023635200000e+14 4.612159002789775073e+36 1.872337596821829250e+15 4.003498112236638207e+00
8.900768267987331250e+14 4.695183266170404117e+36 1.895402224306404750e+15 4.006752680395322841e+00
8.929792512339463750e+14 4.779366965678104089e+36 1.918770179002978000e+15 4.009933020082631749e+00
8.958816756691597500e+14 4.864721932603146502e+36 1.942444689374987250e+15 4.013040680753666045e+00
8.987841001043728750e+14 4.951260076862707188e+36 1.966429005756926750e+15 4.016077180248793788e+00
9.016865245395861250e+14 5.038993387256410078e+36 1.990726400425431750e+15 4.019044005367491401e+00
9.045889489747997500e+14 5.127933931721893413e+36 2.015340167670367000e+15 4.021942612436865794e+00
9.074913734100125000e+14 5.218093857590358245e+36 2.040273623865907000e+15 4.024774427874576510e+00
9.103937978452260000e+14 5.309485391842149399e+36 2.065530107541636750e+15 4.027540848745855939e+00
9.132962222804392500e+14 5.402120841362280372e+36 2.091112979453622250e+15 4.030243243314410861e+00
9.161986467156523750e+14 5.496012593196032000e+36 2.117025622655511750e+15 4.032882951586971743e+00
9.191010711508660000e+14 5.591173114804477353e+36 2.143271442569612000e+15 4.035461285851290825e+00
9.220034955860791250e+14 5.687614954320037316e+36 2.169853867057973750e+15 4.037979531207430028e+00
9.249059200212923750e+14 5.785350740802088711e+36 2.196776346493496500e+15 4.040438946092169026e+00
9.278083444565055000e+14 5.884393184492459675e+36 2.224042353830990500e+15 4.042840762796412690e+00
9.307107688917187500e+14 5.984755077071039546e+36 2.251655384678284750e+15 4.045186187975473580e+00
9.336131933269321250e+14 6.086449291911306115e+36 2.279618957367300500e+15 4.047476403152145963e+00
9.365156177621456250e+14 6.189488784335890660e+36 2.307936613025143000e+15 4.049712565212469251e+00
9.394180421973585000e+14 6.293886591872145329e+36 2.336611915645187000e+15 4.051895806894127539e+00
9.423204666325721250e+14 6.399655834507694010e+36 2.365648452158168000e+15 4.054027237267441741e+00
9.452228910677848750e+14 6.506809714945991449e+36 2.395049832503259000e+15 4.056107942208883266e+00
9.481253155029983750e+14 6.615361518861900094e+36 2.424819689699173500e+15 4.058138984867116328e+00
9.510277399382116250e+14 6.725324615157204351e+36 2.454961679915233000e+15 4.060121406121540488e+00
9.539301643734246250e+14 6.836712456216231108e+36 2.485479482542472000e+15 4.062056225033305878e+00
9.568325888086383750e+14 6.949538578161355727e+36 2.516376800264713000e+15 4.063944439288854404e+00
9.597350132438515000e+14 7.063816601108564722e+36 2.547657359129650000e+15 4.065787025635943408e+00
9.626374376790647500e+14 7.179560229423066821e+36 2.579324908619955000e+15 4.067584940312216624e+00
