3.850549750716258750e+14 1.501107342830039990e+21 3.444792895264438125e+14 9.423076923077217115e-01
3.879573995068391875e+14 2.257631494052677785e+33 3.470852282732412500e+14 9.855944618202190366e-01
3.908598239420523750e+14 4.634699883551601372e+33 3.497104533530223125e+14 1.029378044322036612e+00
3.937622483772657500e+14 7.134663921262651770e+33 3.523558225978040000e+14 1.073622857120758889e+00
3.966646728124788125e+14 9.761039718680807703e+33 3.550222097946514375e+14 1.118292576201532107e+00
3.995670972476921875e+14 1.251740117196340225e+34 3.577105048041574375e+14 1.163350246093804774e+00
4.024695216829054375e+14 1.540738038786060789e+34 3.604216136789189375e+14 1.208758391760519135e+00
4.053719461181187500e+14 1.843466810964685966e+34 3.631564587820163750e+14 1.254479131811824022e+00
4.082743705533320000e+14 2.160301414305240005e+34 3.659159789054911250e+14 1.300474292342252980e+00
4.111767949885451875e+14 2.491622778219386000e+34 3.687011293888237500e+14 1.346705520694565950e+00
4.140792194237584375e+14 2.837817823550582099e+34 3.715128822374121250e+14 1.393134398464906942e+00
4.169816438589718125e+14 3.199279505167173392e+34 3.743522262410495625e+14 1.439722553082079637e+00
4.198840682941850000e+14 3.576406854555533130e+34 3.772201670924025625e+14 1.486431767318553865e+00
4.227864927293983750e+14 3.969605022413173749e+34 3.801177275054895625e+14 1.533224086121465213e+00
4.256889171646113750e+14 4.379285321241822377e+34 3.830459473341578125e+14 1.580061920188032376e+00
4.285913415998246875e+14 4.805865267940634695e+34 3.860058836905635000e+14 1.626908145750800783e+00
4.314937660350381250e+14 5.249768626399206341e+34 3.889986110636476875e+14 1.673726200083142990e+00
4.343961904702513125e+14 5.711425450090715756e+34 3.920252214376151875e+14 1.720480172284069242e+00
4.372986149054645000e+14 6.191272124665115439e+34 3.950868244104133125e+14 1.767134888952506033e+00
4.402010393406777500e+14 6.689751410542150277e+34 3.981845473122092500e+14 1.813655994414367978e+00
4.431034637758911875e+14 7.207312485504543733e+34 4.013195353238684375e+14 1.860010025220130148e+00
4.460058882111043750e+14 7.744410987291070587e+34 4.044929515954317500e+14 1.906164478685328012e+00
4.489083126463175625e+14 8.301509056189665652e+34 4.077059773645952500e+14 1.952087875301084186e+00
4.518107370815309375e+14 8.879075377630650545e+34 4.109598120751872500e+14 1.997749814895433573e+00
4.547131615167441250e+14 9.477585224779657008e+34 4.142556734956460000e+14 2.043121026478451174e+00
4.576155859519573750e+14 1.009752050113096160e+35 4.175947978374988125e+14 2.088173411754466802e+00
4.605180103871708125e+14 1.073936978310041455e+35 4.209784398738395625e+14 2.132880082332296645e+00
4.634204348223839375e+14 1.140362836261864440e+35 4.244078730578061250e+14 2.177215390709302589e+00
4.663228592575971250e+14 1.209079828972421005e+35 4.278843896410603125e+14 2.221154955146598109e+00
4.692252836928105000e+14 1.280138841515666062e+35 4.314093007922642500e+14 2.264675678590718277e+00
4.721277081280235625e+14 1.353591443294962844e+35 4.349839367155586875e+14 2.307755761831383978e+00
4.750301325632370000e+14 1.429489892302404204e+35 4.386096467690423750e+14 2.350374711115359894e+00
4.779325569984501875e+14 1.507887139378112137e+35 4.422877995832480625e+14 2.392513340462814053e+00
4.808349814336635625e+14 1.588836832469563687e+35 4.460197831796226875e+14 2.434153768955131802e+00
4.837374058688766875e+14 1.672393320890885309e+35 4.498070050890036250e+14 2.475279413281585850e+00
4.866398303040900000e+14 1.758611659582184495e+35 4.536508924700986250e+14 2.515874975847088635e+00
4.895422547393033125e+14 1.847547613368841177e+35 4.575528922279621250e+14 2.555926428754160096e+00
4.924446791745165625e+14 1.939257661220834196e+35 4.615144711324744375e+14 2.595420993979831170e+00
4.953471036097298125e+14 2.033799000512051333e+35 4.655371159368195000e+14 2.634347120072315640e+00
4.982495280449431875e+14 2.131229551279589765e+35 4.696223334959629375e+14 2.672694455693372273e+00
5.011519524801563125e+14 2.231607960483079387e+35 4.737716508851301250e+14 2.710453820330549490e+00
5.040543769153695000e+14 2.334993606263993954e+35 4.779866155182846875e+14 2.747617172499126958e+00
5.069568013505827500e+14 2.441446602204955599e+35 4.822687952666057500e+14 2.784177575746933808e+00
5.098592257857959375e+14 2.551027801589056668e+35 4.866197785769669375e+14 2.820129162766514597e+00
5.127616502210093125e+14 2.663798801659153539e+35 4.910411745904137500e+14 2.855467097908671370e+00
5.156640746562225625e+14 2.779821947877204325e+35 4.955346132606421250e+14 2.890187538379482834e+00
5.185664990914359375e+14 2.899160338183556416e+35 5.001017454724762500e+14 2.924287594389587852e+00
5.214689235266490625e+14 3.021877827256267954e+35 5.047442431603462500e+14 2.957765288510481927e+00
5.243713479618623750e+14 3.148039030770427466e+35 5.094637994267676875e+14 2.990619514477491858e+00
5.272737723970756875e+14 3.277709329657452473e+35 5.142621286608181250e+14 3.022849995663637657e+00
5.301761968322888750e+14 3.410954874364402845e+35 5.191409666566156875e+14 3.054457243432754154e+00
5.330786212675022500e+14 3.547842589113307450e+35 5.241020707317976875e+14 3.085442515564210897e+00
5.359810457027155000e+14 3.688440176160449474e+35 5.291472198459978750e+14 3.115807774925583029e+00
5.388834701379287500e+14 3.832816120055708189e+35 5.342782147193250625e+14 3.145555648553771455e+00
5.417858945731419375e+14 3.981039691901845385e+35 5.394968779508410625e+14 3.174689387289489240e+00
5.446883190083551250e+14 4.133180953613829802e+35 5.448050541370388750e+14 3.203212826094910870e+00
5.475907434435684375e+14 4.289310762178150484e+35 5.502046099903206875e+14 3.231130345169500817e+00
5.504931678787816875e+14 4.449500773912117606e+35 5.556974344574756875e+14 3.258446831965031265e+00
5.533955923139948750e+14 4.613823448723188370e+35 5.612854388381586875e+14 3.285167644187247493e+00
5.562980167492083125e+14 4.782352054368268571e+35 5.669705569033680000e+14 3.311298573858846517e+00
5.592004411844214375e+14 4.955160670713015619e+35 5.727547450139226250e+14 3.336845812506386011e+00
5.621028656196348750e+14 5.132324193991183636e+35 5.786399822389427500e+14 3.361815917522377628e+00
5.650052900548480000e+14 5.313918341063888114e+35 5.846282704743243750e+14 3.386215779743249499e+00
5.679077144900612500e+14 5.500019653678967977e+35 5.907216345612208750e+14 3.410052592274063876e+00
5.708101389252745000e+14 5.690705502730248769e+35 5.969221224045185000e+14 3.433333820581812024e+00
5.737125633604878750e+14 5.886054092516895861e+35 6.032318050913158750e+14 3.456067173870837284e+00
5.766149877957011250e+14 6.086144465002700508e+35 6.096527770094015000e+14 3.478260577746337567e+00
5.795174122309143750e+14 6.291056504075384358e+35 6.161871559657317500e+14 3.499922148165128810e+00
5.824198366661275000e+14 6.500870939805950448e+35 6.228370833049095000e+14 3.521060166666587055e+00
5.853222611013408750e+14 6.715669352707964094e+35 6.296047240276625000e+14 3.541683056871321789e+00
5.882246855365541250e+14 6.935534177996852237e+35 6.364922669093195000e+14 3.561799362230153587e+00
5.911271099717672500e+14 7.160548709849250746e+35 6.435019246182905000e+14 3.581417725001769803e+00
5.940295344069807500e+14 7.390797105662308187e+35 6.506359338345445000e+14 3.600546866433719018e+00
5.969319588421937500e+14 7.626364390312950483e+35 6.578965553680857500e+14 3.619195568118160011e+00
5.998343832774072500e+14 7.867336460417265116e+35 6.652860742774347500e+14 3.637372654491190627e+00
6.027368077126203750e+14 8.113800088589773163e+35 6.728067999881036250e+14 3.655086976442228686e+00
6.056392321478337500e+14 8.365842927702730856e+35 6.804610664110758750e+14 3.672347395998182051e+00
6.085416565830468750e+14 8.623553515145462125e+35 6.882512320612840000e+14 3.689162772045662120e+00
6.114440810182602500e+14 8.887021277083679339e+35 6.961796801760873750e+14 3.705541947053405671e+00
6.143465054534736250e+14 9.156336532718755349e+35 7.042488188337507500e+14 3.721493734756329275e+00
6.172489298886867500e+14 9.431590498547072264e+35 7.124610810719213750e+14 3.737026908762106636e+00
6.201513543239000000e+14 9.712875292619318584e+35 7.208189250061086250e+14 3.752150192041002086e+00
6.230537787591131250e+14 1.000028393879982469e+36 7.293248339481611250e+14 3.766872247259612116e+00
6.259562031943265000e+14 1.029391037102580539e+36 7.379813165247447500e+14 3.781201667919464882e+00
6.288586276295397500e+14 1.059384943756675884e+36 7.467909067958205000e+14 3.795146970261728647e+00
6.317610520647528750e+14 1.090019690528373860e+36 7.557561643731242500e+14 3.808716585899911689e+00
6.346634764999663750e+14 1.121304946388863605e+36 7.648796745386425000e+14 3.821918855143014770e+00
6.375659009351795000e+14 1.153250473020353645e+36 7.741640483630915000e+14 3.834762020972491747e+00
6.404683253703927500e+14 1.185866125242003682e+36 7.836119228243963750e+14 3.847254223637194048e+00
6.433707498056061250e+14 1.219161851435849729e+36 7.932259609261671250e+14 3.859403495831484676e+00
6.462731742408193750e+14 1.253147693972741053e+36 8.030088518161785000e+14 3.871217758422725197e+00
6.491755986760326250e+14 1.287833789638269591e+36 8.129633109048472500e+14 3.882704816695452976e+00
6.520780231112458750e+14 1.323230370058704243e+36 8.230920799837108750e+14 3.893872357080683244e+00
6.549804475464591250e+14 1.359347762126909513e+36 8.333979273439031250e+14 3.904727944339915879e+00
6.578828719816723750e+14 1.396196388428295440e+36 8.438836478946370000e+14 3.915279019174669806e+00
6.607852964168856250e+14 1.433786767666735210e+36 8.545520632816782500e+14 3.925532896233458136e+00
6.636877208520990000e+14 1.472129515090502100e+36 8.654060220058256250e+14 3.935496762489412603e+00
6.665901452873121250e+14 1.511235342918195648e+36 8.764483995413882500e+14 3.945177675962881381e+00
6.694925697225252500e+14 1.551115060764680225e+36 8.876820984546645000e+14 3.954582564764540731e+00
6.723949941577387500e+14 1.591779576067008836e+36 8.991100485224197500e+14 3.963718226435717362e+00
6.752974185929518750e+14 1.633239894510358156e+36 9.107352068503625000e+14 3.972591327563734787e+00
6.781998430281651250e+14 1.675507120453962367e+36 9.225605579916270000e+14 3.981208403651279149e+00
6.811022674633786250e+14 1.718592457357036379e+36 9.345891140652466250e+14 3.989575859219790299e+00
6.840046918985917500e+14 1.762507208204713517e+36 9.468239148746342500e+14 3.997699968128022530e+00
6.869071163338050000e+14 1.807262775933975226e+36 9.592680280260598750e+14 4.005586874087903482e+00
6.898095407690182500e+14 1.852870663859584038e+36 9.719245490471301250e+14 4.013242591360842937e+00
6.927119652042315000e+14 1.899342476100008261e+36 9.847966015052637500e+14 4.020673005618598417e+00
6.956143896394447500e+14 1.946689918003358485e+36 9.978873371261707500e+14 4.027883874953734455e+00
6.985168140746580000e+14 1.994924796573322310e+36 1.011199935912332375e+15 4.034880831025611236e+00
7.014192385098712500e+14 2.044059020895082547e+36 1.024737606261475125e+15 4.041669380328698047e+00
7.043216629450845000e+14 2.094104602561264349e+36 1.038503585085053625e+15 4.048254905570814799e+00
7.072240873802977500e+14 2.145073656097857244e+36 1.052501137926725250e+15 4.054642667149710000e+00
7.101265118155111250e+14 2.196978399390145444e+36 1.066733559080829500e+15 4.060837804717114530e+00
7.130289362507242500e+14 2.249831154108640504e+36 1.081204171710864625e+15 4.066845338820156641e+00
7.159313606859375000e+14 2.303644346135017239e+36 1.095916327967969125e+15 4.072670172610648009e+00
7.188337851211506250e+14 2.358430505988040478e+36 1.110873409109396500e+15 4.078317093613477162e+00
7.217362095563641250e+14 2.414202269249495373e+36 1.126078825616995250e+15 4.083790775545882212e+00
7.246386339915772500e+14 2.470972376990117702e+36 1.141536017315684250e+15 4.089095780180005413e+00
7.275410584267906250e+14 2.528753676195532726e+36 1.157248453491935750e+15 4.094236559241681839e+00
7.304434828620038750e+14 2.587559120192179299e+36 1.173219633012248500e+15 4.099217456338890564e+00
7.333459072972172500e+14 2.647401769073236926e+36 1.189453084441627500e+15 4.104042708913866910e+00
7.362483317324305000e+14 2.708294790124572588e+36 1.205952366162064250e+15 4.108716450213258931e+00
7.391507561676437500e+14 2.770251458250652456e+36 1.222721066491011500e+15 4.113242711271194452e+00
7.420531806028566250e+14 2.833285156400490197e+36 1.239762803799863500e+15 4.117625422900535348e+00
7.449556050380701250e+14 2.897409375993566651e+36 1.257081226632434000e+15 4.121868417687971409e+00
7.478580294732833750e+14 2.962637717345768398e+36 1.274680013823433250e+15 4.125975431988959663e+00
7.507604539084966250e+14 3.028983890095311570e+36 1.292562874616946000e+15 4.129950107918882729e+00
7.536628783437098750e+14 3.096461713628675693e+36 1.310733548784910500e+15 4.133795995337128382e+00
7.565653027789232500e+14 3.165085117506542259e+36 1.329195806745597500e+15 4.137516553821008358e+00
7.594677272141365000e+14 3.234868141889715578e+36 1.347953449682085000e+15 4.141115154626856310e+00
7.623701516493498750e+14 3.305824937965055446e+36 1.367010309660740250e+15 4.144595082635761152e+00
7.652725760845630000e+14 3.377969768371419255e+36 1.386370249749695250e+15 4.147959538281750014e+00
7.681750005197762500e+14 3.451317007625578719e+36 1.406037164137325750e+15 4.151211639460387737e+00
7.710774249549896250e+14 3.525881142548154304e+36 1.426014978250729000e+15 4.154354423416022790e+00
7.739798493902026250e+14 3.601676772689556166e+36 1.446307648874202000e+15 4.157390848606056011e+00
7.768822738254160000e+14 3.678718610755907952e+36 1.466919164267721000e+15 4.160323796540859931e+00
7.797846982606293750e+14 3.757021483034975336e+36 1.487853544285416750e+15 4.163156073598082152e+00
7.826871226958425000e+14 3.836600329822099276e+36 1.509114840494053750e+15 4.165890412810251853e+00
7.855895471310558750e+14 3.917470205846136347e+36 1.530707136291511500e+15 4.168529475624774605e+00
7.884919715662690000e+14 3.999646280695365436e+36 1.552634547025253500e+15 4.171075853635483277e+00
7.913943960014821250e+14 4.083143839243449921e+36 1.574901220110818250e+15 4.173532070285111750e+00
7.942968204366953750e+14 4.167978282075352625e+36 1.597511335150287750e+15 4.175900582538097261e+00
7.971992448719087500e+14 4.254165125913261986e+36 1.620469104050768500e+15 4.178183782523279710e+00
8.001016693071221250e+14 4.341720004042542434e+36 1.643778771142871000e+15 4.180383999146126683e+00
8.030040937423355000e+14 4.430658666737636947e+36 1.667444613299184250e+15 4.182503499670248814e+00
8.059065181775486250e+14 4.520996981688015655e+36 1.691470940052754750e+15 4.184544491267985222e+00
8.088089426127621250e+14 4.612750934424115587e+36 1.715862093715569750e+15 4.186509122539992411e+00
8.117113670479750000e+14 4.705936628743259759e+36 1.740622449497029500e+15 4.188399485003764688e+00
8.146137914831883750e+14 4.800570287135586295e+36 1.765756415622427500e+15 4.190217614551142944e+00
8.175162159184016250e+14 4.896668251209988770e+36 1.791268433451429000e+15 4.191965492874860644e+00
8.204186403536148750e+14 4.994246982120033519e+36 1.817162977596545000e+15 4.193645048864301117e+00
8.233210647888282500e+14 5.093323060989915920e+36 1.843444556041621000e+15 4.195258159970616241e+00
8.262234892240413750e+14 5.193913189340345240e+36 1.870117710260296500e+15 4.196806653541446330e+00
8.291259136592548750e+14 5.296034189514539285e+36 1.897187015334506000e+15 4.198292308125500583e+00
8.320283380944677500e+14 5.399703005104097438e+36 1.924657080072936750e+15 4.199716854747292061e+00
8.349307625296813750e+14 5.504936701374981734e+36 1.952532547129524250e+15 4.201081978152358509e+00
8.378331869648946250e+14 5.611752465693396983e+36 1.980818093121913500e+15 4.202389318023334042e+00
8.407356114001076250e+14 5.720167607951753544e+36 2.009518428749946750e+15 4.203640470167209209e+00
8.436380358353210000e+14 5.830199560994620053e+36 2.038638298914148250e+15 4.204836987674239523e+00
8.465404602705341250e+14 5.941865881044572274e+36 2.068182482834179250e+15 4.205980382048869259e+00
8.494428847057476250e+14 6.055184248128236731e+36 2.098155794167346500e+15 4.207072124313126160e+00
8.523453091409608750e+14 6.170172466502123027e+36 2.128563081127053000e+15 4.208113646082934700e+00
8.552477335761740000e+14 6.286848465078628522e+36 2.159409226601296250e+15 4.209106340617803532e+00
8.581501580113876250e+14 6.405230297851913148e+36 2.190699148271133500e+15 4.210051563844338318e+00
8.610525824466008750e+14 6.525336144323867494e+36 2.222437798729166500e+15 4.210950635354100413e+00
8.639550068818137500e+14 6.647184309930011230e+36 2.254630165598011500e+15 4.211804839376231513e+00
8.668574313170272500e+14 6.770793226465476539e+36 2.287281271648793000e+15 4.212615425725386942e+00
8.697598557522401250e+14 6.896181452510875847e+36 2.320396174919603000e+15 4.213383610725423445e+00
8.726622801874536250e+14 7.023367673858293518e+36 2.353979968833997500e+15 4.214110578109368177e+00
8.755647046226670000e+14 7.152370703937167753e+36 2.388037782319457000e+15 4.214797479896127186e+00
8.784671290578801250e+14 7.283209484240236240e+36 2.422574779925873500e+15 4.215445437244455640e+00
8.813695534930936250e+14 7.415903084749507779e+36 2.457596161944037500e+15 4.216055541284642771e+00
8.842719779283067500e+14 7.550470704362104040e+36 2.493107164524091500e+15 4.216628853928462206e+00
8.871744023635200000e+14 7.686931671316292576e+36 2.529113059794036000e+15 4.217166408657787358e+00
8.900768267987331250e+14 7.825305443617341572e+36 2.565619155978186000e+15 4.217669211292424336e+00
8.929792512339463750e+14 7.965611609463507996e+36 2.602630797515666000e+15 4.218138240737611788e+00
8.958816756691597500e+14 8.107869887671912411e+36 2.640153365178872500e+15 4.218574449711658403e+00
8.987841001043728750e+14 8.252100128104512963e+36 2.678192276191963000e+15 4.218978765454187041e+00
9.016865245395861250e+14 8.398322312094017977e+36 2.716752984349329000e+15 4.219352090415456225e+00
9.045889489747997500e+14 8.546556552869823340e+36 2.755840980134078000e+15 4.219695302927199521e+00
9.074913734100125000e+14 8.696823095983930998e+36 2.795461790836503500e+15 4.220009257855449114e+00
9.103937978452260000e+14 8.849142319736917043e+36 2.835620980672577500e+15 4.220294787235763678e+00
9.132962222804392500e+14 9.003534735603801801e+36 2.876324150902411500e+15 4.220552700891321507e+00
9.161986467156523750e+14 9.160020988660054515e+36 2.917576939948751500e+15 4.220783787034286583e+00
9.191010711508660000e+14 9.318621858007463436e+36 2.959385023515442500e+15 4.220988812850874794e+00
9.220034955860791250e+14 9.479358257200062586e+36 3.001754114705904500e+15 4.221168525070543076e+00
9.249059200212923750e+14 9.642251234670149426e+36 3.044689964141633000e+15 4.221323650519679838e+00
9.278083444565055000e+14 9.807321974154100639e+36 3.088198360080647500e+15 4.221454896660242539e+00
9.307107688917187500e+14 9.974591795118401604e+36 3.132285128535995500e+15 4.221562952113662170e+00
9.336131933269321250e+14 1.014408215318551177e+37 3.176956133394213000e+15 4.221648487170481800e+00
9.365156177621456250e+14 1.031581464055981855e+37 3.222217276533808000e+15 4.221712154286014318e+00
9.394180421973585000e+14 1.048981098645357594e+37 3.268074497943740000e+15 4.221754588562468768e+00
9.423204666325721250e+14 1.066609305751282532e+37 3.314533775841899000e+15 4.221776408217835730e+00
9.452228910677848750e+14 1.084468285824331869e+37 3.361601126793575500e+15 4.221778215041928739e+00
9.481253155029983750e+14 1.102560253143650331e+37 3.409282605829958500e+15 4.221760594839897074e+00
9.510277399382116250e+14 1.120887435859534216e+37 3.457584306566582000e+15 4.221724117863558945e+00
9.539301643734246250e+14 1.139452076036038715e+37 3.506512361321838000e+15 4.221669339230874840e+00
9.568325888086383750e+14 1.158256429693559485e+37 3.556072941235429500e+15 4.221596799333892314e+00
9.597350132438515000e+14 1.177302766851427690e+37 3.606272256386849500e+15 4.221507024235447325e+00
9.626374376790647500e+14 1.196593371570511412e+37 3.657116555913882000e+15 4.221400526054968516e+00
