4.813187188395323750e+14 1.002352322470381355e+21 4.508869546806458125e+14 5.399449035812833309e-01
4.849467493835490625e+14 1.693223620539359251e+33 4.542926209583505625e+14 5.664928728224311039e-01
4.885747799275654375e+14 3.476024912663544376e+33 4.577127519857928750e+14 5.935465362859857485e-01
4.922028104715821250e+14 5.350997940946810124e+33 4.611479911369858125e+14 6.210960536836973578e-01
4.958308410155985625e+14 7.320779789010409492e+33 4.645989937522280000e+14 6.491309079292844064e-01
4.994588715596152500e+14 9.388050878972408729e+33 4.680664272269641250e+14 6.776399195326664460e-01
5.030869021036318750e+14 1.155553529089524032e+34 4.715509711006420000e+14 7.066112630489255197e-01
5.067149326476483125e+14 1.382600108223495163e+34 4.750533171455715625e+14 7.360324855391335852e-01
5.103429631916650000e+14 1.620226060728913863e+34 4.785741694557843750e+14 7.658905269887500422e-01
5.139709937356815000e+14 1.868717083664516787e+34 4.821142445358904375e+14 7.961717426181798007e-01
5.175990242796981250e+14 2.128363367662908212e+34 4.856742713899383750e+14 8.268619270092876228e-01
5.212270548237146250e+14 2.399459628875352143e+34 4.892549916102729375e+14 8.579463399612121677e-01
5.248550853677312500e+14 2.682305140916622754e+34 4.928571594663943750e+14 8.894097339790163481e-01
5.284831159117478750e+14 2.977203766809849990e+34 4.964815419938161875e+14 9.212363832894023830e-01
5.321111464557643750e+14 3.284463990931340035e+34 5.001289190829241875e+14 9.534101142691805419e-01
5.357391769997810625e+14 3.604398950955457344e+34 5.038000835678351250e+14 9.859143371643658282e-01
5.393672075437976250e+14 3.937326469799373858e+34 5.074958413152548125e+14 1.018732078970813637e+00
5.429952380878140625e+14 4.283569087568004074e+34 5.112170113133370000e+14 1.051846017341281803e+00
5.466232686318307500e+14 4.643454093498814212e+34 5.149644257605423125e+14 1.085238515378644353e+00
5.502512991758473125e+14 5.017313557906582040e+34 5.187389301544959375e+14 1.118891657170902665e+00
5.538793297198638125e+14 5.405484364128369753e+34 5.225413833808467500e+14 1.152787283920548855e+00
5.575073602638805000e+14 5.808308240468269045e+34 5.263726578021260625e+14 1.186907030518728146e+00
5.611353908078970000e+14 6.226131792142213499e+34 5.302336393466052500e+14 1.221232362413704253e+00
5.647634213519137500e+14 6.659306533222941330e+34 5.341252275971558750e+14 1.255744612623123313e+00
5.683914518959301250e+14 7.108188918584697100e+34 5.380483358801064375e+14 1.290425018740631202e+00
5.720194824399467500e+14 7.573140375848177851e+34 5.420038913541028125e+14 1.325254759789510350e+00
5.756475129839632500e+14 8.054527337325262492e+34 5.459928350989647500e+14 1.360214992778990162e+00
5.792755435279798750e+14 8.552721271963926576e+34 5.500161222045464375e+14 1.395286888822900639e+00
5.829035740719966250e+14 9.068098717293119262e+34 5.540747218595938750e+14 1.430451668685136513e+00
5.865316046160131250e+14 9.601041311367450269e+34 5.581696174406033125e+14 1.465690637622076187e+00
5.901596351600296250e+14 1.015193582471217199e+35 5.623018066006808750e+14 1.500985219398504267e+00
5.937876657040461250e+14 1.072117419226798634e+35 5.664723013584001250e+14 1.536316989360639873e+00
5.974156962480628750e+14 1.130915354533578799e+35 5.706821281866611250e+14 1.571667706457535729e+00
6.010437267920792500e+14 1.191627624352166954e+35 5.749323281015485000e+14 1.607019344110340420e+00
6.046717573360958750e+14 1.254294990668157802e+35 5.792239567511910000e+14 1.642354119837447390e+00
6.082997878801125000e+14 1.318958744686631638e+35 5.835580845046188750e+14 1.677654523552597920e+00
6.119278184241290000e+14 1.385660710026624058e+35 5.879357965406230000e+14 1.712903344462120447e+00
6.155558489681456250e+14 1.454443245915617807e+35 5.923581929366138750e+14 1.748083696496991690e+00
6.191838795121622500e+14 1.525349250384030568e+35 5.968263887574793750e+14 1.783179042224759758e+00
6.228119100561788750e+14 1.598422163459683931e+35 6.013415141444436250e+14 1.818173215195953318e+00
6.264399406001953750e+14 1.673705970362300962e+35 6.059047144039256250e+14 1.853050440688976508e+00
6.300679711442118750e+14 1.751245204697988641e+35 6.105171500963981250e+14 1.887795354826789174e+00
6.336960016882286250e+14 1.831084951653709228e+35 6.151799971252456250e+14 1.922393022047715005e+00
6.373240322322451250e+14 1.913270851191784661e+35 6.198944468256232500e+14 1.956828950921599919e+00
6.409520627762616250e+14 1.997849101244358513e+35 6.246617060533148750e+14 1.991089108310912570e+00
6.445800933202782500e+14 2.084866460907895404e+35 6.294829972735927500e+14 2.025159931884593423e+00
6.482081238642948750e+14 2.174370253637657904e+35 6.343595586500748750e+14 2.059028341000056272e+00
6.518361544083115000e+14 2.266408370442190082e+35 6.392926441335841250e+14 2.092681745976000762e+00
6.554641849523280000e+14 2.361029273077811745e+35 6.442835235510067500e+14 2.126108055785440154e+00
6.590922154963445000e+14 2.458281997243079117e+35 6.493334826941512500e+14 2.159295684204503019e+00
6.627202460403610000e+14 2.558216155773290881e+35 6.544438234086058750e+14 2.192233554458344003e+00
6.663482765843776250e+14 2.660881941834970258e+35 6.596158636825991250e+14 2.224911102410529473e+00
6.699763071283943750e+14 2.766330132120325299e+35 6.648509377358558750e+14 2.257318278346907459e+00
6.736043376724108750e+14 2.874612090041769335e+35 6.701503961084578750e+14 2.289445547409010739e+00
6.772323682164273750e+14 2.985779768926371311e+35 6.755156057497015000e+14 2.321283888735448109e+00
6.808603987604441250e+14 3.099885715210360361e+35 6.809479501069566250e+14 2.352824793372739087e+00
6.844884293044606250e+14 3.216983071633601242e+35 6.864488292145245000e+14 2.384060261019437466e+00
6.881164598484772500e+14 3.337125580434078243e+35 6.920196597824975000e+14 2.414982795669257332e+00
6.917444903924940000e+14 3.460367586542381685e+35 6.976618752856166250e+14 2.445585400220341210e+00
6.953725209365102500e+14 3.586764040776187409e+35 7.033769260521297500e+14 2.475861570118735422e+00
6.990005514805270000e+14 3.716370503034749540e+35 7.091662793526527500e+14 2.505805286104630714e+00
7.026285820245435000e+14 3.849243145493374076e+35 7.150314194890242500e+14 2.535411006129964395e+00
7.062566125685598750e+14 3.985438755797900590e+35 7.209738478831668750e+14 2.564673656515728428e+00
7.098846431125766250e+14 4.125014740259208274e+35 7.269950831659460000e+14 2.593588622416568956e+00
7.135126736565932500e+14 4.268029127047670344e+35 7.330966612660258750e+14 2.622151737659326187e+00
7.171407042006098750e+14 4.414540569387654925e+35 7.392801354987303750e+14 2.650359274020828160e+00
7.207687347446265000e+14 4.564608348752005274e+35 7.455470766549013750e+14 2.678207930008686510e+00
7.243967652886428750e+14 4.718292378056520744e+35 7.518990730897556250e+14 2.705694819207041135e+00
7.280247958326593750e+14 4.875653204854448078e+35 7.583377308117455000e+14 2.732817458247190689e+00
7.316528263766761250e+14 5.036752014530954992e+35 7.648646735714168750e+14 2.759573754460854289e+00
7.352808569206926250e+14 5.201650633497624420e+35 7.714815429502662500e+14 2.785961993271468540e+00
7.389088874647092500e+14 5.370411532386920720e+35 7.781899984496011250e+14 2.811980825376471316e+00
7.425369180087258750e+14 5.543097829246711955e+35 7.849917175793983750e+14 2.837629253770964866e+00
7.461649485527425000e+14 5.719773292734694784e+35 7.918883959471610000e+14 2.862906620660497836e+00
7.497929790967588750e+14 5.900502345312930759e+35 7.988817473467791250e+14 2.887812594308082570e+00
7.534210096407755000e+14 6.085350066442307367e+35 8.059735038473875000e+14 2.912347155857768932e+00
7.570490401847921250e+14 6.274382195777028588e+35 8.131654158822233750e+14 2.936510586174466031e+00
7.606770707288086250e+14 6.467665136359074457e+35 8.204592523374858750e+14 2.960303452736902319e+00
7.643051012728252500e+14 6.665265957812732941e+35 8.278568006411951250e+14 2.983726596618024196e+00
7.679331318168417500e+14 6.867252399539038103e+35 8.353598668520490000e+14 3.006781119584350570e+00
7.715611623608586250e+14 7.073692873910279849e+35 8.429702757482840000e+14 3.029468371343350785e+00
7.751891929048748750e+14 7.284656469464464220e+35 8.506898709165307500e+14 3.051789936965243477e+00
7.788172234488915000e+14 7.500212954099844540e+35 8.585205148406768750e+14 3.073747624503214482e+00
7.824452539929082500e+14 7.720432778269330799e+35 8.664640889907213750e+14 3.095343452833638764e+00
7.860732845369246250e+14 7.945387078175045146e+35 8.745224939116347500e+14 3.116579639735627794e+00
7.897013150809413750e+14 8.175147678962777021e+35 8.826976493122193750e+14 3.137458590226922972e+00
7.933293456249578750e+14 8.409787097916454529e+35 8.909914941539645000e+14 3.157982885171162657e+00
7.969573761689743750e+14 8.649378547652627617e+35 8.994059867399076250e+14 3.178155270169427560e+00
8.005854067129911250e+14 8.893995939314996996e+35 9.079431048034931250e+14 3.197978644747148103e+00
8.042134372570076250e+14 9.143713885768847146e+35 9.166048455974278750e+14 3.217456051845570375e+00
8.078414678010240000e+14 9.398607704795526536e+35 9.253932259825427500e+14 3.236590667625352413e+00
8.114694983450406250e+14 9.658753422286989835e+35 9.343102825166508750e+14 3.255385791588210509e+00
8.150975288890573750e+14 9.924227775440247145e+35 9.433580715434053750e+14 3.273844837021055998e+00
8.187255594330737500e+14 1.019510821595178815e+36 9.525386692811561250e+14 3.291971321765690295e+00
8.223535899770903750e+14 1.047147291321218186e+36 9.618541719118131250e+14 3.309768859315831868e+00
8.259816205211071250e+14 1.075340075750048751e+36 9.713066956697008750e+14 3.327241150242018719e+00
8.296096510651236250e+14 1.104097136317873181e+36 9.808983769304178750e+14 3.344391973943890761e+00
8.332376816091398750e+14 1.133426507188642604e+36 9.906313722996960000e+14 3.361225180728331541e+00
8.368657121531566250e+14 1.163336295573506405e+36 1.000507858702260250e+15 3.377744684210994386e+00
8.404937426971733750e+14 1.193834682050253159e+36 1.010530033470683250e+15 3.393954454037980462e+00
8.441217732411901250e+14 1.224929920882765149e+36 1.020700114434247375e+15 3.409858508923633291e+00
8.477498037852068750e+14 1.256630340340468307e+36 1.031020340007802500e+15 3.425460909999767711e+00
8.513778343292230000e+14 1.288944343017772710e+36 1.041492969280623000e+15 3.440765754471053928e+00
8.550058648732395000e+14 1.321880406153529899e+36 1.052120282105270125e+15 3.455777169570746654e+00
8.586338954172562500e+14 1.355447081950478247e+36 1.062904579186446625e+15 3.470499306810483908e+00
8.622619259612728750e+14 1.389652997894683159e+36 1.073848182169855750e+15 3.484936336517525213e+00
8.658899565052896250e+14 1.424506857075001621e+36 1.084953433731062875e+15 3.499092442652387280e+00
8.695179870493058750e+14 1.460017438502514437e+36 1.096222697664349375e+15 3.512971817899610105e+00
8.731460175933225000e+14 1.496193597429987231e+36 1.107658358971577250e+15 3.526578659024150575e+00
8.767740481373392500e+14 1.533044265671306967e+36 1.119262823951041000e+15 3.539917162485657798e+00
8.804020786813555000e+14 1.570578451920942949e+36 1.131038520286331250e+15 3.552991520302819062e+00
8.840301092253723750e+14 1.608805242073388653e+36 1.142987897135192000e+15 3.565805916159806799e+00
8.876581397693891250e+14 1.647733799542604139e+36 1.155113425218376750e+15 3.578364521746805416e+00
8.912861703134056250e+14 1.687373365581475287e+36 1.167417596908509500e+15 3.590671493326579533e+00
8.949142008574218750e+14 1.727733259601257395e+36 1.179902926318944250e+15 3.602730968519021637e+00
8.985422314014386250e+14 1.768822879491025857e+36 1.192571949392622000e+15 3.614547063295651785e+00
9.021702619454550000e+14 1.810651701937115037e+36 1.205427223990927000e+15 3.626123869176105075e+00
9.057982924894717500e+14 1.853229282742583111e+36 1.218471329982550750e+15 3.637465450618694529e+00
9.094263230334882500e+14 1.896565257146643567e+36 1.231706869332345500e+15 3.648575842597240992e+00
9.130543535775048750e+14 1.940669340144128276e+36 1.245136466190186750e+15 3.659459048356475730e+00
9.166823841215213750e+14 1.985551326804921054e+36 1.258762766979827500e+15 3.670119037338452461e+00
9.203104146655381250e+14 2.031221092593423096e+36 1.272588440487762000e+15 3.680559743272529882e+00
9.239384452095547500e+14 2.077688593687982997e+36 1.286616177952079000e+15 3.690785062421652718e+00
9.275664757535710000e+14 2.124963867300361007e+36 1.300848693151324500e+15 3.700798851977827653e+00
9.311945062975877500e+14 2.173057031995170561e+36 1.315288722493359750e+15 3.710604928599829933e+00
9.348225368416042500e+14 2.221978288009319510e+36 1.329939025104215000e+15 3.720207067086402919e+00
9.384505673856210000e+14 2.271737917571477627e+36 1.344802382916956500e+15 3.729608999178372741e+00
9.420785979296375000e+14 2.322346285221499539e+36 1.359881600760536250e+15 3.738814412483255634e+00
9.457066284736540000e+14 2.373813838129900791e+36 1.375179506448658000e+15 3.747826949516209538e+00
9.493346590176705000e+14 2.426151106417277534e+36 1.390698950868630000e+15 3.756650206851287699e+00
9.529626895616871250e+14 2.479368703473785534e+36 1.406442808070228250e+15 3.765287734377221085e+00
9.565907201057038750e+14 2.533477326278555735e+36 1.422413975354550750e+15 3.773743034652086603e+00
9.602187506497206250e+14 2.588487755719175627e+36 1.438615373362880750e+15 3.782019562351494280e+00
9.638467811937367500e+14 2.644410856911107759e+36 1.455049946165539500e+15 3.790120723805020742e+00
9.674748117377533750e+14 2.701257579517158713e+36 1.471720661350750750e+15 3.798049876615924969e+00
9.711028422817701250e+14 2.759038958066920929e+36 1.488630510113496500e+15 3.805810329359266664e+00
9.747308728257868750e+14 2.817766112276225452e+36 1.505782507344376000e+15 3.813405341353820255e+00
9.783589033698035000e+14 2.877450247366567226e+36 1.523179691718460500e+15 3.820838122503313006e+00
9.819869339138197500e+14 2.938102654384593848e+36 1.540825125784159250e+15 3.828111833202724412e+00
9.856149644578362500e+14 2.999734710521515223e+36 1.558721896052072500e+15 3.835229584305542616e+00
9.892429950018530000e+14 3.062357879432579324e+36 1.576873113083853250e+15 3.842194437148092057e+00
9.928710255458696250e+14 3.125983711556504876e+36 1.595281911581061500e+15 3.849009403627141612e+00
9.964990560898858750e+14 3.190623844434936454e+36 1.613951450474028250e+15 3.855677446327268054e+00
1.000127086633902625e+15 3.256290003031898413e+36 1.632884913010712500e+15 3.862201478694522905e+00
1.003755117177919250e+15 3.322994000053216937e+36 1.652085506845553000e+15 3.868584365253155077e+00
1.007383147721936000e+15 3.390747736266001116e+36 1.671556464128338250e+15 3.874828921862307762e+00
1.011011178265952375e+15 3.459563200818076212e+36 1.691301041593055750e+15 3.880937916009703059e+00
1.014639208809968750e+15 3.529452471557433456e+36 1.711322520646756750e+15 3.886914067139532136e+00
1.018267239353985500e+15 3.600427715351678063e+36 1.731624207458412250e+15 3.892760047011866398e+00
1.021895269898002250e+15 3.672501188407483166e+36 1.752209433047770250e+15 3.898478480091052578e+00
1.025523300442018750e+15 3.745685236590016580e+36 1.773081553374214250e+15 3.904071943960695901e+00
1.029151330986035500e+15 3.819992295742424839e+36 1.794243949425627000e+15 3.909542969762942466e+00
1.032779361530052125e+15 3.895434892005246977e+36 1.815700027307241000e+15 3.914894042659893714e+00
1.036407392074068250e+15 3.972025642135890297e+36 1.837453218330503250e+15 3.920127602315117255e+00
1.040035422618084875e+15 4.049777253828061273e+36 1.859506979101933500e+15 3.925246043393317841e+00
1.043663453162101375e+15 4.128702526031220067e+36 1.881864791611979500e+15 3.930251716076339275e+00
1.047291483706118125e+15 4.208814349270036227e+36 1.904530163323879250e+15 3.935146926593756422e+00
1.050919514250134625e+15 4.290125705963806598e+36 1.927506627262511500e+15 3.939933937766459948e+00
1.054547544794151375e+15 4.372649670745951168e+36 1.950797742103268500e+15 3.944614969561669682e+00
1.058175575338168000e+15 4.456399410783418580e+36 1.974407092260899250e+15 3.949192199657950209e+00
1.061803605882184375e+15 4.541388186096161906e+36 1.998338287978379750e+15 3.953667764018864439e+00
1.065431636426200750e+15 4.627629349876580169e+36 2.022594965415766500e+15 3.958043757473977742e+00
1.069059666970217375e+15 4.715136348808955158e+36 2.047180786739055000e+15 3.962322234306036695e+00
1.072687697514234250e+15 4.803922723388922465e+36 2.072099440209040750e+15 3.966505208843175811e+00
1.076315728058250875e+15 4.894002108242885863e+36 2.097354640270171500e+15 3.970594656055112193e+00
1.079943758602267375e+15 4.985388232447494256e+36 2.122950127639412000e+15 3.974592512152338220e+00
1.083571789146283875e+15 5.078094919849090286e+36 2.148889669395104250e+15 3.978500675187385482e+00
1.087199819690300375e+15 5.172136089383141833e+36 2.175177059065818750e+15 3.982321005657320168e+00
1.090827850234316750e+15 5.267525755393701249e+36 2.201816116719219500e+15 3.986055327106635016e+00
1.094455880778334000e+15 5.364278027952863419e+36 2.228810689050923250e+15 3.989705426729829085e+00
1.098083911322350125e+15 5.462407113180166555e+36 2.256164649473342000e+15 3.993273055972947017e+00
1.101711941866366875e+15 5.561927313562115782e+36 2.283881898204571500e+15 3.996759931133468058e+00
1.105339972410383625e+15 5.662853028271563272e+36 2.311966362357219000e+15 4.000167733957909810e+00
1.108968002954399875e+15 5.765198753487201723e+36 2.340421996027282500e+15 4.003498112236637319e+00
1.112596033498416250e+15 5.868979082712989946e+36 2.369252780383002500e+15 4.006752680395321953e+00
1.116224064042432750e+15 5.974208707097610337e+36 2.398462723753717000e+15 4.009933020082629973e+00
1.119852094586449750e+15 6.080902415753920436e+36 2.428055861718731000e+15 4.013040680753665157e+00
1.123480125130466250e+15 6.189075096078366719e+36 2.458036257196154000e+15 4.016077180248792011e+00
1.127108155674483000e+15 6.298741734070496364e+36 2.488408000531786500e+15 4.019044005367490513e+00
1.130736186218499500e+15 6.409917414652345073e+36 2.519175209587952500e+15 4.021942612436864906e+00
1.134364216762516000e+15 6.522617321987928769e+36 2.550342029832379000e+15 4.024774427874575622e+00
1.137992247306532500e+15 6.636856739802663285e+36 2.581912634427040000e+15 4.027540848745854163e+00
1.141620277850548750e+15 6.752651051702830100e+36 2.613891224317023000e+15 4.030243243314410861e+00
1.145248308394565750e+15 6.870015741495026719e+36 2.646282028319386500e+15 4.032882951586971743e+00
1.148876338938582250e+15 6.988966393505578097e+36 2.679089303212009500e+15 4.035461285851291713e+00
1.152504369482598750e+15 7.109518692900030707e+36 2.712317333822463500e+15 4.037979531207430917e+00
1.156132400026615250e+15 7.231688426002588753e+36 2.745970433116864500e+15 4.040438946092168138e+00
1.159760430570631750e+15 7.355491480615555114e+36 2.780052942288733000e+15 4.042840762796410914e+00
1.163388461114648500e+15 7.480943846338775820e+36 2.814569230847850000e+15 4.045186187975472691e+00
1.167016491658665250e+15 7.608061614889117591e+36 2.849523696709122000e+15 4.047476403152146851e+00
1.170644522202681750e+15 7.736860980419841484e+36 2.884920766281423000e+15 4.049712565212468363e+00
1.174272552746698500e+15 7.867358239840161887e+36 2.920764894556479500e+15 4.051895806894128427e+00
1.177900583290715000e+15 7.999569793134594196e+36 2.957060565197703500e+15 4.054027237267441741e+00
1.181528613834731250e+15 8.133512143682467766e+36 2.993812290629068000e+15 4.056107942208883266e+00
1.185156644378748000e+15 8.269201898577345603e+36 3.031024612123960000e+15 4.058138984867116328e+00
1.188784674922764250e+15 8.406655768946480647e+36 3.068702099894034500e+15 4.060121406121539600e+00
1.192412705466781250e+15 8.545890570270273242e+36 3.106849353178086500e+15 4.062056225033305878e+00
1.196040736010798000e+15 8.686923222701671933e+36 3.145471000330885500e+15 4.063944439288854404e+00
1.199668766554814500e+15 8.829770751385685242e+36 3.184571698912057500e+15 4.065787025635943408e+00
1.203296797098831000e+15 8.974450286778807258e+36 3.224156135774937500e+15 4.067584940312215736e+00
